4
3
   7.00    4.00
   5.00    3.00
   3.00    2.00
   1.00    1.00
   2.80
   1.50
   0.60
   0.10
20
   7.41   46.27
  33.78   43.50
  13.79   27.39
   7.76   41.43
  11.15    5.65
  22.63   43.04
  27.29   23.06
  42.84   45.48
  19.33   47.81
   8.71    9.38
  12.36   18.01
  45.87   31.39
  18.36   30.77
  25.87   18.94
  25.09   34.70
   0.90   32.50
  30.97   34.68
  26.01   44.77
  12.07   33.77
  36.20   23.22
   1.00
   1.00
   1.00
   1.00
   1.00
   1.00
   1.00
   1.00
   1.00
   1.00
   1.00
   1.00
   1.00
   1.00
   1.00
   1.00
   1.00
   1.00
   1.00
   1.00
