3
2
   5.00    3.00
   3.00    2.00
   1.00    1.00
   1.50
   0.60
   0.10
30
  11.91   48.53
  45.11   42.55
  13.33   26.99
  18.76   38.01
  25.63   33.39
  26.58    1.96
  21.88   46.59
  46.54   36.05
  14.21   36.93
  32.00   17.70
  34.39    8.30
  22.01   44.00
  41.46   16.52
  11.45   44.67
  17.52   34.33
  47.82   29.43
  32.87   42.93
  21.98   46.20
  19.92   40.74
  34.21   45.55
  24.12   10.79
  47.51   46.01
   7.38   44.05
  32.05   21.60
  30.98   14.05
  39.30   15.37
  22.35   11.31
   9.38   13.81
  27.82   20.83
   8.48   45.34
   1.00
   1.00
   1.00
   1.00
   1.00
   1.00
   1.00
   1.00
   1.00
   1.00
   1.00
   1.00
   1.00
   1.00
   1.00
   1.00
   1.00
   1.00
   1.00
   1.00
   1.00
   1.00
   1.00
   1.00
   1.00
   1.00
   1.00
   1.00
   1.00
   1.00
