4
1
   7.00    4.00
   5.00    3.00
   3.00    2.00
   1.00    1.00
   2.80
   1.50
   0.60
   0.10
40
  39.36   25.89
  46.21   21.36
  39.21    6.94
  35.26   11.63
  29.86    0.39
  40.96   23.65
  26.14   39.55
   6.34    8.36
  38.79   46.28
  27.85   14.57
  12.40    9.68
   1.58    5.61
  36.36   30.79
  10.59   33.91
  46.98   39.41
  36.08   36.34
  15.30   32.28
   7.71    4.51
  39.22   42.97
  16.13   19.08
  43.37    7.09
  42.73   19.50
  46.64   49.07
  27.86   35.43
  45.35    5.71
   0.00    7.75
  15.39    1.58
  13.35    1.75
  32.38   23.94
  35.66   29.36
  13.36   21.74
  15.70   28.66
   4.02   23.41
  33.16   43.24
  16.38   49.30
  12.32    9.75
   6.39    5.06
  29.25    3.02
   4.13    7.11
  38.45   49.48
   1.00
   1.00
   1.00
   1.00
   1.00
   1.00
   1.00
   1.00
   1.00
   1.00
   1.00
   1.00
   1.00
   1.00
   1.00
   1.00
   1.00
   1.00
   1.00
   1.00
   1.00
   1.00
   1.00
   1.00
   1.00
   1.00
   1.00
   1.00
   1.00
   1.00
   1.00
   1.00
   1.00
   1.00
   1.00
   1.00
   1.00
   1.00
   1.00
   1.00
