3
1
   5.00    3.00
   3.00    2.00
   1.00    1.00
   1.50
   0.60
   0.10
50
  48.97   37.19
  45.17   49.18
  33.34   24.86
   8.20   41.50
  44.45    3.85
  32.49   12.40
  31.47   11.46
  35.03   15.84
  16.44   11.57
   3.71   31.65
  11.18   32.56
  25.53   48.57
  14.00   27.31
  35.96    5.66
  23.57   29.63
  47.22   22.55
  16.82   42.38
  21.73    0.16
  17.25   29.92
  41.66   11.69
  33.77   24.15
  24.10   15.25
  35.60    9.13
  31.09    2.04
  20.70   34.80
  33.70   31.88
  17.36    9.23
  30.46   31.36
  36.54   16.42
  37.02   10.11
  46.05   34.24
  32.66   12.86
  26.62    4.38
  13.02   43.87
  34.31    4.69
   5.56   18.08
  28.83   29.66
  33.33   14.44
  38.79   14.42
  16.48    9.49
  49.22    0.18
  41.37   16.57
   9.41   21.82
  47.93   45.95
  38.24   34.95
   6.06   34.29
  19.19   38.71
  47.15   45.81
  43.10   10.18
  39.68   27.40
   1.00
   1.00
   1.00
   1.00
   1.00
   1.00
   1.00
   1.00
   1.00
   1.00
   1.00
   1.00
   1.00
   1.00
   1.00
   1.00
   1.00
   1.00
   1.00
   1.00
   1.00
   1.00
   1.00
   1.00
   1.00
   1.00
   1.00
   1.00
   1.00
   1.00
   1.00
   1.00
   1.00
   1.00
   1.00
   1.00
   1.00
   1.00
   1.00
   1.00
   1.00
   1.00
   1.00
   1.00
   1.00
   1.00
   1.00
   1.00
   1.00
   1.00
