5
5
   9.00    5.00
   7.00    4.00
   5.00    3.00
   3.00    2.00
   1.00    1.00
   4.50
   2.80
   1.50
   0.60
   0.10
40
  20.94   47.06
  49.82   16.83
  18.72   23.87
   1.25   32.54
  26.11   32.65
  25.16    4.02
  27.11   45.04
  42.59   34.17
  16.53    5.05
  19.71   44.70
  33.02   44.27
   4.70   21.27
  11.82    7.67
   7.46   27.97
   0.02   21.88
  21.19   20.96
  18.95   21.01
  37.78   37.67
  44.88   39.03
  20.21   20.98
  21.68   45.36
  25.00   48.80
  40.41   17.59
  32.97    6.94
  22.65    2.68
   1.64    5.66
  46.96    6.34
  26.93    8.77
  14.01   34.39
  36.74   14.03
   6.27    7.93
  34.99   25.22
  28.94   22.77
  12.89   23.82
  11.80   33.10
  44.80   33.49
  28.46   19.80
  32.28   18.87
  37.40   15.25
  25.81   10.04
   1.00
   1.00
   1.00
   1.00
   1.00
   1.00
   1.00
   1.00
   1.00
   1.00
   1.00
   1.00
   1.00
   1.00
   1.00
   1.00
   1.00
   1.00
   1.00
   1.00
   1.00
   1.00
   1.00
   1.00
   1.00
   1.00
   1.00
   1.00
   1.00
   1.00
   1.00
   1.00
   1.00
   1.00
   1.00
   1.00
   1.00
   1.00
   1.00
   1.00
