5
3
   9.00    5.00
   7.00    4.00
   5.00    3.00
   3.00    2.00
   1.00    1.00
   4.50
   2.80
   1.50
   0.60
   0.10
50
  17.94   27.45
  15.70   14.89
  33.79   42.63
  23.67   47.80
  27.02   10.41
  11.83   33.29
  18.34   46.82
   8.51   47.28
  19.59   21.40
  21.10   31.39
   4.50   15.90
  14.88   32.96
  35.70   47.17
   1.82   23.10
  12.42   27.63
  33.14   30.36
   5.08   48.85
  45.25   38.87
  41.48   18.92
  36.67   18.50
  29.32   48.49
   1.79   47.66
  45.31   10.30
  44.94   14.90
  31.70   16.04
  46.29   36.20
  31.94   11.17
  19.15   17.65
   8.34   20.98
  40.75   20.76
  48.61   23.89
   1.11    3.69
  22.74   46.36
  42.56   14.22
  15.28   29.23
  32.71   44.60
  27.72   34.50
  42.27   23.03
  44.80   37.21
  37.92   26.50
   3.25   34.22
  12.70   35.20
  45.39   31.85
   2.84    3.73
   2.82   43.59
  24.48    1.43
  17.49   25.60
   5.12   40.23
  21.96   47.68
   4.44   37.24
   1.00
   1.00
   1.00
   1.00
   1.00
   1.00
   1.00
   1.00
   1.00
   1.00
   1.00
   1.00
   1.00
   1.00
   1.00
   1.00
   1.00
   1.00
   1.00
   1.00
   1.00
   1.00
   1.00
   1.00
   1.00
   1.00
   1.00
   1.00
   1.00
   1.00
   1.00
   1.00
   1.00
   1.00
   1.00
   1.00
   1.00
   1.00
   1.00
   1.00
   1.00
   1.00
   1.00
   1.00
   1.00
   1.00
   1.00
   1.00
   1.00
   1.00
