4
3
   7.00    4.00
   5.00    3.00
   3.00    2.00
   1.00    1.00
   2.80
   1.50
   0.60
   0.10
50
  12.82   38.46
   7.22   28.21
  40.04   20.58
  29.96   22.42
  44.52   15.62
   1.78    7.88
  37.36   17.48
  36.53   41.38
  40.89   19.70
  34.62    7.27
  18.99   46.95
  17.02   25.38
   2.00   46.27
  28.40    6.13
   3.38   16.86
   5.61   16.20
   5.31   12.83
  44.42   45.35
  33.41   24.38
  17.77   27.93
  40.01   19.54
  35.81   27.37
  37.02   22.34
  18.75   27.91
  42.04    3.37
  35.18   11.03
   0.32    2.19
  36.41    2.33
  48.46   14.82
   8.46    1.84
  31.68   14.07
  18.05   36.99
  26.90   12.46
  32.34   10.31
  36.85    0.11
  38.25   26.85
  19.65   24.06
   4.22    6.68
  46.40   22.97
  34.59   38.44
  26.34   19.77
  49.47   26.66
  21.96   35.89
  28.99   20.42
   0.71   37.45
  22.26   32.38
   1.52   40.31
  19.37   28.42
   2.77    1.72
  38.73   39.62
   1.00
   1.00
   1.00
   1.00
   1.00
   1.00
   1.00
   1.00
   1.00
   1.00
   1.00
   1.00
   1.00
   1.00
   1.00
   1.00
   1.00
   1.00
   1.00
   1.00
   1.00
   1.00
   1.00
   1.00
   1.00
   1.00
   1.00
   1.00
   1.00
   1.00
   1.00
   1.00
   1.00
   1.00
   1.00
   1.00
   1.00
   1.00
   1.00
   1.00
   1.00
   1.00
   1.00
   1.00
   1.00
   1.00
   1.00
   1.00
   1.00
   1.00
