3
1
   5.00    3.00
   3.00    2.00
   1.00    1.00
   1.50
   0.60
   0.10
60
  14.86   45.25
  45.48   43.70
  24.91   28.81
   8.14   13.70
  43.23   24.62
  23.18   42.45
  24.80   14.55
   9.02   34.21
  36.38    6.95
  30.16   24.62
  41.91   36.21
   8.91   11.10
  24.93    6.06
   6.91   18.02
  16.24   46.59
  45.42   31.10
  41.84   40.91
  24.80   16.75
  19.72   32.94
  30.44   12.95
   7.56    3.63
   5.39   32.36
  18.18   14.41
  16.57    4.56
  21.37   46.72
  29.18   13.27
  32.94   38.09
  24.37    7.86
  44.15   31.28
  25.89   10.39
  27.88   21.31
  41.50   19.72
  12.22   16.30
  36.47   31.93
  49.24   16.91
  44.88    6.80
  20.54    0.27
  39.16   38.72
  14.68    5.73
  43.28   36.05
   2.46   22.46
  49.32   35.40
  10.54   23.69
  43.26    4.70
   4.98   19.14
  15.09   32.86
  40.45    6.59
   2.58    2.67
  22.89   39.04
  34.60   22.13
   5.96   29.48
  28.93   26.49
  29.75   18.10
  15.21   44.44
  23.83    8.49
  30.49   26.29
  30.95   29.81
  11.68   41.49
   3.50    4.94
  46.19    8.48
   1.00
   1.00
   1.00
   1.00
   1.00
   1.00
   1.00
   1.00
   1.00
   1.00
   1.00
   1.00
   1.00
   1.00
   1.00
   1.00
   1.00
   1.00
   1.00
   1.00
   1.00
   1.00
   1.00
   1.00
   1.00
   1.00
   1.00
   1.00
   1.00
   1.00
   1.00
   1.00
   1.00
   1.00
   1.00
   1.00
   1.00
   1.00
   1.00
   1.00
   1.00
   1.00
   1.00
   1.00
   1.00
   1.00
   1.00
   1.00
   1.00
   1.00
   1.00
   1.00
   1.00
   1.00
   1.00
   1.00
   1.00
   1.00
   1.00
   1.00
