4
2
   7.00    4.00
   5.00    3.00
   3.00    2.00
   1.00    1.00
   2.80
   1.50
   0.60
   0.10
70
  45.33   13.96
   0.78   30.46
  40.97   31.93
  18.11   19.02
  37.06   25.27
  25.00   23.36
  12.60   48.53
  33.94   10.75
  11.76   47.23
  47.04   41.29
  12.91   24.42
  38.64    2.60
   8.95    2.44
  42.25   31.28
  18.83   31.52
  15.11   14.16
  45.48   15.90
  44.62   36.45
  47.83   12.72
   5.47   34.89
  37.99   30.47
   8.25    0.59
  29.00   42.19
  11.34   40.76
  39.43    8.38
  32.06    2.34
  32.80   20.69
   4.94   41.75
  23.14   47.19
  23.03   41.97
  28.71   38.14
   6.12   24.19
   4.04    0.74
  10.63    1.87
  13.46   16.10
  36.76    1.45
  46.57   45.01
   2.04   25.57
  37.20   13.38
  16.33   26.63
  21.76   48.39
  28.97    4.57
  19.09   33.92
  46.32   42.22
  31.11   19.35
  34.19    9.82
   7.49   40.32
  34.01   11.53
  41.06   44.64
  13.40    4.52
  10.74    0.16
   5.97    7.31
  45.17    8.01
  32.88   32.37
  21.39   49.21
   9.00   43.15
  47.60   37.98
  47.71   16.69
  21.90   44.03
   8.92    3.01
  13.38   43.11
  12.83   20.87
  33.42   46.84
  32.41   24.48
  41.48   45.81
  29.00    2.22
  45.97   34.97
   9.53   41.14
  42.97   42.40
  23.52   14.36
   1.00
   1.00
   1.00
   1.00
   1.00
   1.00
   1.00
   1.00
   1.00
   1.00
   1.00
   1.00
   1.00
   1.00
   1.00
   1.00
   1.00
   1.00
   1.00
   1.00
   1.00
   1.00
   1.00
   1.00
   1.00
   1.00
   1.00
   1.00
   1.00
   1.00
   1.00
   1.00
   1.00
   1.00
   1.00
   1.00
   1.00
   1.00
   1.00
   1.00
   1.00
   1.00
   1.00
   1.00
   1.00
   1.00
   1.00
   1.00
   1.00
   1.00
   1.00
   1.00
   1.00
   1.00
   1.00
   1.00
   1.00
   1.00
   1.00
   1.00
   1.00
   1.00
   1.00
   1.00
   1.00
   1.00
   1.00
   1.00
   1.00
   1.00
