3
1
   5.00    3.00
   3.00    2.00
   1.00    1.00
   1.50
   0.60
   0.10
70
  24.09   11.27
  41.34   14.54
  17.86   43.91
  17.21   40.75
  32.96    1.82
  12.87   38.91
  31.30   41.81
  15.41   11.05
   9.90   30.62
   5.49   33.73
  39.11   35.97
  10.02   20.06
  15.78   21.70
  11.55   19.29
  26.64    7.74
  27.77    0.73
  19.01   19.11
  15.27   36.87
  13.02   32.48
  27.62   45.98
  34.30   40.49
  34.89   15.60
  32.29    0.30
  26.65   42.20
  30.92   32.13
  25.93   20.04
  18.11   35.94
  40.09   33.89
   7.64    1.64
   3.18   34.29
   9.38   30.95
  35.02   28.39
   0.06    0.29
  15.26   13.08
  32.77   42.88
   9.06   17.07
  33.37   43.95
  32.67   15.66
  44.25    9.31
   7.86   25.17
  41.45   33.78
  45.21    9.56
  19.73   35.30
  43.45   27.37
  36.95   46.62
  11.66   46.33
  27.57   46.67
  24.72   27.63
  46.96   39.98
  40.71   29.72
  32.86   49.76
  46.79   16.23
  43.72   29.46
  31.89   37.97
  38.77   39.75
  13.14   30.22
  23.53    8.35
  39.77   43.25
  43.65   33.22
  20.62   30.60
  29.84   32.28
  26.93    7.42
  28.95    1.65
  35.05   25.91
  41.63   25.75
   5.63   24.49
  25.52    2.42
  40.72   19.23
  31.88   22.61
   7.20   20.65
   1.00
   1.00
   1.00
   1.00
   1.00
   1.00
   1.00
   1.00
   1.00
   1.00
   1.00
   1.00
   1.00
   1.00
   1.00
   1.00
   1.00
   1.00
   1.00
   1.00
   1.00
   1.00
   1.00
   1.00
   1.00
   1.00
   1.00
   1.00
   1.00
   1.00
   1.00
   1.00
   1.00
   1.00
   1.00
   1.00
   1.00
   1.00
   1.00
   1.00
   1.00
   1.00
   1.00
   1.00
   1.00
   1.00
   1.00
   1.00
   1.00
   1.00
   1.00
   1.00
   1.00
   1.00
   1.00
   1.00
   1.00
   1.00
   1.00
   1.00
   1.00
   1.00
   1.00
   1.00
   1.00
   1.00
   1.00
   1.00
   1.00
   1.00
