5
1
   9.00    5.00
   7.00    4.00
   5.00    3.00
   3.00    2.00
   1.00    1.00
   4.50
   2.80
   1.50
   0.60
   0.10
70
  19.79   18.08
   1.44   24.12
  26.56   39.59
  33.22   25.99
   4.96   11.22
  20.14   31.21
  33.55   28.36
  44.92   40.23
  19.80   28.38
  21.04    8.78
   1.36   18.36
   8.54   23.98
  20.78    5.72
  48.13   30.56
  35.92   22.56
   3.91    5.70
  40.65    5.34
  29.82   17.21
  44.93   13.05
  43.20   49.89
  24.26   13.34
  31.10    7.81
  41.71   26.02
  48.04   11.51
   4.41   19.08
  20.29    5.77
  37.44   28.83
  29.76    8.22
  34.55   27.88
  38.78   20.46
   0.44   42.69
  26.16   41.09
  48.03    5.99
   8.30   42.96
  19.03    1.50
  42.86   43.30
  14.84   23.96
   1.11    6.55
  49.98   49.15
  18.06    4.39
  18.23   38.34
  10.16    5.68
  17.17   39.91
  13.89    1.72
  17.80    2.68
  22.18   18.24
  45.37   48.34
   9.33   43.40
   4.33   17.63
  36.36   23.36
  19.12   29.22
  16.66   33.96
   3.18   17.77
  40.51    3.16
  16.92    8.57
   7.55   35.16
  46.91   17.71
  40.83   14.09
   7.63    4.73
  15.80   25.42
   7.40   37.98
  43.66    2.77
  36.33    2.99
  46.17   40.66
  20.62   32.53
  14.02   39.74
  11.75   30.68
  23.70   14.93
  48.45   14.22
  18.09   15.37
   1.00
   1.00
   1.00
   1.00
   1.00
   1.00
   1.00
   1.00
   1.00
   1.00
   1.00
   1.00
   1.00
   1.00
   1.00
   1.00
   1.00
   1.00
   1.00
   1.00
   1.00
   1.00
   1.00
   1.00
   1.00
   1.00
   1.00
   1.00
   1.00
   1.00
   1.00
   1.00
   1.00
   1.00
   1.00
   1.00
   1.00
   1.00
   1.00
   1.00
   1.00
   1.00
   1.00
   1.00
   1.00
   1.00
   1.00
   1.00
   1.00
   1.00
   1.00
   1.00
   1.00
   1.00
   1.00
   1.00
   1.00
   1.00
   1.00
   1.00
   1.00
   1.00
   1.00
   1.00
   1.00
   1.00
   1.00
   1.00
   1.00
   1.00
