5
3
   9.00    5.00
   7.00    4.00
   5.00    3.00
   3.00    2.00
   1.00    1.00
   4.50
   2.80
   1.50
   0.60
   0.10
90
  14.60   34.75
  36.60   28.14
  22.01   43.84
   2.95   10.02
  28.66   16.01
  19.65   32.84
  17.56   44.97
  11.06   16.08
  31.86   14.34
  25.00   37.23
  47.14   24.34
  36.80   38.68
  40.48   48.15
  37.06    1.48
   4.34   23.09
  35.90   18.94
   7.84   22.50
  47.09   29.85
  16.34    0.04
  39.87   45.00
  16.05    9.52
  27.85   33.60
   4.49   38.91
  49.68   36.35
   3.25   24.68
  23.58    0.39
  49.02   10.38
  39.06   39.49
   8.53   26.12
  40.97   12.87
  49.21   26.88
  31.81    7.05
  49.38   28.90
  36.90   15.72
  28.94   26.77
  10.72   44.98
  36.28   38.57
  28.59   40.77
  27.48   28.26
  27.12   30.72
   2.94    0.69
  31.11    1.96
  11.08   20.17
  41.45   19.61
  46.29   32.42
  32.48   45.51
   9.30   14.29
   2.56    8.68
  43.19   39.46
  24.40   22.13
  16.23   35.12
  17.12    2.51
  23.69   45.70
  43.28    1.17
  23.97   20.40
  31.89   26.90
  21.09   13.00
  28.86   32.17
  33.17   20.31
   1.78   29.47
   2.73   34.26
  24.97   12.03
  48.55   27.53
  20.71   41.75
  17.00   45.11
  13.88   33.23
  30.23   31.00
  35.74    3.92
  26.70   29.02
   5.09    0.67
  49.42   36.98
  27.57   20.51
  49.98    6.43
   2.68   33.15
  26.74    4.46
  12.62   29.48
  38.72   37.60
  41.51   37.27
  15.13   12.22
  29.02   32.13
   7.33   42.90
  15.35   37.56
  23.90    1.09
  41.49    0.60
  30.11   46.58
   1.27   29.53
  33.56   28.84
   0.04   33.54
  35.27    2.72
  16.69   12.01
   1.00
   1.00
   1.00
   1.00
   1.00
   1.00
   1.00
   1.00
   1.00
   1.00
   1.00
   1.00
   1.00
   1.00
   1.00
   1.00
   1.00
   1.00
   1.00
   1.00
   1.00
   1.00
   1.00
   1.00
   1.00
   1.00
   1.00
   1.00
   1.00
   1.00
   1.00
   1.00
   1.00
   1.00
   1.00
   1.00
   1.00
   1.00
   1.00
   1.00
   1.00
   1.00
   1.00
   1.00
   1.00
   1.00
   1.00
   1.00
   1.00
   1.00
   1.00
   1.00
   1.00
   1.00
   1.00
   1.00
   1.00
   1.00
   1.00
   1.00
   1.00
   1.00
   1.00
   1.00
   1.00
   1.00
   1.00
   1.00
   1.00
   1.00
   1.00
   1.00
   1.00
   1.00
   1.00
   1.00
   1.00
   1.00
   1.00
   1.00
   1.00
   1.00
   1.00
   1.00
   1.00
   1.00
   1.00
   1.00
   1.00
   1.00
