4
1
   7.00    4.00
   5.00    3.00
   3.00    2.00
   1.00    1.00
   2.80
   1.50
   0.60
   0.10
100
   4.30    9.04
  21.32    2.35
  15.35   41.39
  44.40    2.65
   2.59   43.85
  29.08   39.19
   3.29   39.39
  37.48   15.20
  11.89   28.22
   9.96   44.16
  33.66    5.98
   6.21   42.33
  26.44   17.95
   4.70    2.43
  27.58   29.74
  36.31   31.89
  38.78    7.63
  34.24    4.13
  49.02   28.64
   6.78    1.61
  22.49   35.86
  40.80   25.79
  25.25   28.28
  40.99   37.14
   6.51    0.95
  31.31   40.17
   6.93   37.52
  32.50   33.38
   5.46   37.21
  35.80   33.05
  16.95   22.11
  14.93    5.73
  29.74   49.17
   9.86   28.76
  27.81   16.64
  30.37    0.31
   2.50   21.17
  26.09   27.74
  49.45   17.08
  14.88    5.96
  18.03   46.19
  46.13   24.96
  33.71   28.64
   8.34   39.17
  15.84   44.15
  22.22   32.79
  16.26   37.15
  38.52   46.00
  36.33   48.38
  24.76   14.14
  15.01    5.13
  14.45   17.51
  26.30   40.54
  45.25   25.76
   7.62   10.14
  31.72   25.65
   6.33   27.85
   0.62   40.04
   6.49    8.96
  29.21   22.33
   3.10    1.43
   5.12   19.36
  38.58   43.64
  15.37   24.91
  42.02   40.13
  39.05    7.03
  45.27    3.50
  24.54   21.57
  44.04   19.80
  47.33    1.66
  29.94   29.04
  27.31   36.27
   6.89   27.92
  26.30   13.38
  36.88    5.51
  35.71   39.98
   6.93   40.83
   9.35   45.51
  34.48   24.72
  20.42   26.50
  14.85    9.47
  33.53   10.12
  12.97    8.07
  31.69    7.00
  27.87   29.01
   8.66    7.81
   8.06   35.97
  44.08   14.95
  13.89   20.38
  28.33    0.77
  25.89   14.04
  40.76   32.83
   4.88    0.11
  28.34   39.35
  24.82   48.76
  15.85   39.67
   8.23   49.38
  49.79   21.20
   7.45   31.47
  28.20   35.33
   1.00
   1.00
   1.00
   1.00
   1.00
   1.00
   1.00
   1.00
   1.00
   1.00
   1.00
   1.00
   1.00
   1.00
   1.00
   1.00
   1.00
   1.00
   1.00
   1.00
   1.00
   1.00
   1.00
   1.00
   1.00
   1.00
   1.00
   1.00
   1.00
   1.00
   1.00
   1.00
   1.00
   1.00
   1.00
   1.00
   1.00
   1.00
   1.00
   1.00
   1.00
   1.00
   1.00
   1.00
   1.00
   1.00
   1.00
   1.00
   1.00
   1.00
   1.00
   1.00
   1.00
   1.00
   1.00
   1.00
   1.00
   1.00
   1.00
   1.00
   1.00
   1.00
   1.00
   1.00
   1.00
   1.00
   1.00
   1.00
   1.00
   1.00
   1.00
   1.00
   1.00
   1.00
   1.00
   1.00
   1.00
   1.00
   1.00
   1.00
   1.00
   1.00
   1.00
   1.00
   1.00
   1.00
   1.00
   1.00
   1.00
   1.00
   1.00
   1.00
   1.00
   1.00
   1.00
   1.00
   1.00
   1.00
   1.00
   1.00
