3
1
6.0e0 4.0e0
8.0e0 5.0e0
10.0e0 6.0e0
2.0e0
3.2e0
4.8e0
25
11.5e0 43.2e0
13.4e0 42.6e0
 4.2e0 39.9e0
39.9e0 38.4e0
14.2e0 47.5e0
17.1e0 22.0e0
24.6e0 14.1e0
30.8e0 18.3e0
37.5e0 27.3e0
12.7e0 26.3e0
49.1e0 44.6e0
27.3e0 14.1e0
45.6e0 11.1e0
 3.4e0 30.8e0
48.5e0 30.6e0
48.5e0 19.0e0
 8.6e0 39.7e0
11.2e0 34.9e0
27.1e0 1.3e0
29.4e0 9.3e0
 3.5e0 15.8e0
29.1e0 6.8e0
38.9e0 18.6e0
13.4e0 17.2e0
44.7e0 9.7e0
1.0e0
1.0e0
1.0e0
1.0e0
1.0e0
1.0e0
1.0e0
1.0e0
1.0e0
1.0e0
1.0e0
1.0e0
1.0e0
1.0e0
1.0e0
1.0e0
1.0e0
1.0e0
1.0e0
1.0e0
1.0e0
1.0e0
1.0e0
1.0e0
1.0e0
