5
5
1.8643911823058705 1.2724309297382241
1.1740592063109734 1.138806920920734
0.21570078123518374 0.05084150409704345
1.6523531565482665 0.14329434081430562
0.9075394150818791 0.31274759314534073
0.23723090054972057
0.13370267497176405
0.0010966552152904068
0.023677285636002098
0.028383076775138804
70
2.1457295425631098 -0.789944963386634
1.7397285697272964 0.5822337064207395
1.0542919829341852 -0.8540130979756456
2.328728573471524 0.5419518782615592
-1.4347757448574392 0.6557523339446042
0.14615310273025067 -0.9000318731870733
-0.7379243106842089 1.8531354472997674
0.7579917789090915 0.004033000548377246
0.10141285390234794 -1.108424096579643
-0.44626771435034296 -1.4497761236196633
0.33754981342892043 -0.9585129912609501
0.38797424389855656 -1.6822102991575711
-0.13796315384026364 -0.6675004394993538
-0.3063127836504243 -0.6203417481045914
0.21931508221019183 1.1747418996174857
0.22954012207796043 0.7899777722866651
0.2907742955781799 0.8833857665386334
0.7978889759349587 -0.6928558869645219
-0.8599591450059282 -1.1427016718419754
0.24418668088573783 -0.4157899177599256
-0.783665985769031 -0.11840106909699752
0.049480011363286176 0.7139126089558819
0.021564353336095337 -1.8135479143939939
-0.02142812870997416 1.7358330259189816
-0.14593208633567895 0.5694638962568572
-1.8812448724591035 -0.08020655211418115
0.6056957934202312 -0.6083462664012568
2.2322595811365344 -0.454553224613761
0.8602922985358851 1.6983292542403767
1.752464834820487 -1.0670827622607342
-0.2282546890417401 0.39318377472390725
0.5721133393357849 2.339495230083517
1.0334679952471841 0.9612504155464618
0.020411127664838342 -1.7736435609119252
0.4373706936315143 2.123876897992724
-0.6734678281987299 0.3307127372532452
-1.335819710790709 0.5565373581662661
-1.766573271066484 -2.065083905002728
-0.2003349379749382 -0.052576618325812556
1.0988857221719415 1.351929203729625
-0.11171819341835933 0.9042369358025681
0.606829211663618 -1.0007039773266821
-1.315312954465392 0.5214075929049653
1.0053469409711437 -0.9135704303656359
-0.20076370397395643 0.6226127176944322
-2.304830034484541 -0.8428240965616923
2.077878930960101 -0.19488812985794893
-0.19800090703655915 -0.8821605849556253
0.46907167045292253 -0.4717195771390927
0.6912270670033879 -1.486275051540687
-0.08836156174489604 -2.3330243434025473
-1.4331713591556634 -0.39872728145060254
0.004455621584872094 -0.6871977478728882
0.7711593684327386 0.5945614000108348
1.102178161703543 0.8993690709696293
-1.2051061988909821 -1.081303908512339
-0.028803854869174132 0.12997646014581268
2.206964714948189 -1.7979629304525029
-1.0947980910348867 0.3882144162130155
-0.020801073447754646 0.22198403235032677
0.027170530279611717 0.772393525469917
-1.4701886519263023 1.2995773077117467
0.4582948251312985 -1.0573291804823313
-1.246539599239244 0.5332000401055385
0.7439399543216505 -0.21334327675341486
-0.5748891734520019 0.8903158464756527
-0.4516372296584854 -1.471589040125113
-0.6371427411937146 2.0013215692624726
-0.12131449019914245 0.3160923378831595
-0.3149426614593291 1.0440761489735948
1
1
1
1
1
1
1
1
1
1
1
1
1
1
1
1
1
1
1
1
1
1
1
1
1
1
1
1
1
1
1
1
1
1
1
1
1
1
1
1
1
1
1
1
1
1
1
1
1
1
1
1
1
1
1
1
1
1
1
1
1
1
1
1
1
1
1
1
1
1

