10
9
1.103267768343026 0.9686587285412203
0.2797734770681708 0.0019567994335607164
1.8402225245871322 0.5055598623973002
1.0462871960418576 0.15896702349767766
0.8940178245106887 0.14655695844724909
1.0818513524308782 0.4102118508955533
1.0119032654709403 0.7446031412818909
0.17229071969640117 0.09322063577054439
0.8144124124799615 0.5405056050806998
0.9265101728895085 0.5331876862890285
0.10686899537236652
5.4746058145230866e-05
0.0930342646310683
0.016632516127850525
0.013102453315791301
0.044378824567452804
0.07534663501430652
0.0016061050427463174
0.04401944737927141
0.04940038154062048
100
-0.5876415263752056 0.3462588364836573
-0.8601649305077927 0.3638509259074154
-1.6399290798788921 0.8634169496415193
-1.2606603099526474 -0.3477050445556052
0.19443484388044496 0.5930921514236057
-0.39392343336124175 -0.23990637932943093
2.2600413146501808 -0.4701616683383837
0.6414593926196595 2.2933820744667184
-0.5182866167912005 -0.2074678901370363
0.8529172508409892 1.4930364936590679
0.025738393824740375 1.2114449474166502
-0.6062143795314594 1.7037667112257808
-0.06714548210765675 1.0177394063222485
-0.1765926283156527 0.3628150610548079
0.0002633998428627445 0.37297859717257814
-0.06674275361608491 1.2920220005512537
1.301063434521155 0.34592666748503687
0.5922028553718763 2.0135919634498873
1.1902751637687081 -0.24958218500384724
2.3966785818540424 0.2738571977391245
-1.6587949288030195 1.4010724401576138
-0.011971503140253345 0.16707588258274478
1.132826780427845 2.5791543228807625
0.07707999399261449 -0.2778051781685157
-0.5713401093598354 -0.8996368584497662
-0.984903008606545 0.6358742740846502
-1.3081150861302195 0.7681538001414419
-1.4666686049917126 0.8096650377763205
0.5020391367221761 -0.13250246752922604
-1.4846375820781117 -1.0217562324817637
0.5320316848328295 -0.12032563188381387
0.8626760784224863 -0.7826109684067634
-0.6345790294929077 -2.2009648542750404
0.5811171248988011 0.43348943674335694
-0.29830413662992905 -1.4270986914212835
0.6012332690800847 -0.013848304664539303
0.11207673013533301 0.5492188824568343
-0.33039112041061874 0.1648148847360515
0.9105836540835627 1.5592386467678265
0.5552596580123778 0.3157932207188136
-0.5860733143882219 -0.39343376072382935
-0.20645866702859744 0.16309544326073275
-0.366835915461666 -0.22753379920542915
0.9651573931080076 -0.08279242700529743
-0.11042292731158208 -0.4358473151932418
-0.957481618375664 -0.6557078085217856
0.4483860541407041 0.007167070510293445
0.4239538253830493 0.6166565271706272
-1.0955803089760963 0.9185779841168795
0.7547993537184189 0.8920555400922191
1.0530866149742892 0.3175273163944226
0.12772632379521293 -0.3504629022772435
1.5286397296978642 -0.24658790836220723
-0.20995701416057655 0.27754780940009577
0.4790262949727727 -0.22253158921957458
-1.1075487034259814 -2.921707431362912
0.21621429417442045 -0.4141145963874237
-0.32032020529122135 1.1636543676717266
-0.1310713816359083 1.6164338324670606
0.09388233454094501 0.43973780996273576
0.9344409406302572 -0.31152529052951566
0.45410767682811964 1.6798387326229538
0.5555717259810212 0.6069957702068179
-0.6296661807163322 0.7679596991579958
1.1704318742911932 0.3988083381839535
0.42775496285424425 1.3634135585896276
0.5024159712092076 0.8931639805211843
-1.420546987626639 -1.5831738899034842
0.8324821369153109 -0.6346885450545713
-0.620332731202647 1.1985370518787302
-1.088989031092729 -0.9571748237089965
-0.25315776595271783 0.3188326325201925
0.11173428899085484 -0.1380547586588754
-1.3246927771112333 -0.34989434691979726
0.325302208265534 -0.36941331697781754
0.5985074146365771 -1.2338757950022774
0.38544874319758726 0.9521073006121487
1.0728174940287807 0.4497565471729866
1.6432311651918652 0.3202458578771798
0.8861192847676523 -0.12350463376621347
0.8979989237138372 -0.8774054857477184
1.2493925663818681 -1.5986460098780508
-0.5467686887203673 -0.35512052488871015
-1.2799102342125273 -0.13925536563853516
-0.19502208706517077 0.09785902790941424
0.6116421995645186 0.37585128479372193
-0.9845205787909249 0.26887590058444955
-0.01609316591397956 0.6744138061931134
-1.6180264876668227 1.9943815295228966
0.4205181948980625 0.82943835976531
-1.823272572530957 0.31014858507778936
0.7748962574317041 -1.3166384347269942
1.1090865677319686 -1.402589438947644
1.5729855448155983 0.31287998310096565
-2.076848297380445 1.1506270694585539
-2.3179044870078576 -1.033504190392395
-0.09908553133405218 -0.4119548365089122
-0.30305273074971595 -0.30584946049828826
-0.95536104272818 -1.490208886991972
0.21127942557547238 0.19284337573807775
1
1
1
1
1
1
1
1
1
1
1
1
1
1
1
1
1
1
1
1
1
1
1
1
1
1
1
1
1
1
1
1
1
1
1
1
1
1
1
1
1
1
1
1
1
1
1
1
1
1
1
1
1
1
1
1
1
1
1
1
1
1
1
1
1
1
1
1
1
1
1
1
1
1
1
1
1
1
1
1
1
1
1
1
1
1
1
1
1
1
1
1
1
1
1
1
1
1
1
1
