5
5
0.8127989007363517 0.029493912018059253
1.8798560054062954 0.20694527454743444
0.7713449933478324 0.2516295245598875
0.8040882429575924 0.5127909639424113
1.0262505851775119 0.6468160850151808
0.0023972619266693232
0.038902731714844915
0.019409317394776464
0.04123291852009836
0.06637953857490567
100
0.47939740789365404 0.7417640889080633
1.4586412011968686 -1.1873439378054829
0.007427620079924633 1.185723980922401
0.062964229626127 -0.8958875576664856
-0.5569736625481082 0.7134524566362688
0.5642131639796959 -0.2891499273149938
0.07431392113689882 0.07098108327936853
0.6763233394336278 1.3744486314861846
0.7905911174534197 -1.376168101677968
-0.827894258938512 0.8081631284739409
1.1249068414071368 0.9627379442056249
0.5215231498684417 -0.8278424318209693
-0.8087119010920325 0.6218704229113464
-0.7267724471654575 0.7658177535562883
-0.46406111032918046 0.16755874830957027
-0.8071542949489804 -0.7448884843970295
0.8837209490104653 -0.8716371784101641
1.3398825804195929 0.43346347062468743
-0.6338427016694278 -2.0786683611723915
-1.0304324369136804 -0.6087783900039868
-1.169219049010504 -0.02718147702823192
0.2867456995107286 -1.1222398306420545
-0.10935100062167752 0.24901671150455487
0.14261335068500278 -1.4963599774202037
0.07925989584796617 -1.093308692023231
-0.379347740007184 0.6594748599791342
0.7613654750262759 0.5273656225705048
1.4922737497946488 -2.2252827899434102
1.2369101711441965 -0.7633116167112262
0.9137419722027587 -2.650944008508637
-0.21165653983425645 0.3454781369991112
-0.1479945716178064 0.39963312886054997
1.7629876703899041 1.1525951343585816
0.5693637451976594 -0.8806763633251076
0.29262605462534685 -2.7609250330183843
-1.6345462914654407 -1.4696579626658568
-0.5476793234672549 0.6806313222473098
0.05060162606673141 0.5935181011067066
0.5447846417864658 1.592717070660307
-0.14234352992961025 0.8440564199984162
0.3930870611760967 -0.8074200767360862
-0.022376069941435137 0.8158809542389226
0.8098939883613756 0.12105430552793603
-0.8363105169716952 -0.7129044051167355
1.3851521728343381 -1.0100600916889808
-1.3082855283703259 0.5193864326915766
1.0630989954507042 -0.9435930931733262
0.09105059166723914 -0.3565046927369773
1.0208663666436877 1.028633960636845
0.47958339511199655 0.17000034951165477
0.1919541026275111 -0.4497008159951369
-1.7238553896798359 -0.9556908107438181
-0.6587813735571184 -1.6462621720190505
0.6342370962630878 1.237027081816
-0.23168072805964243 -0.8752275799380312
0.9897203424466985 0.16414508230198951
-0.6922156813465967 -0.3894638865088684
2.0627882135262214 -0.8348139478121871
3.2906781013723 1.540046856797882
0.8773018869434982 -0.14096528806332112
0.7050610214273986 -0.9748304249855828
-0.8852489297090663 2.0982580339101387
0.9659172029424917 -0.3726956335239395
0.6373064817281054 2.125401192513567
0.4597967871210953 -0.5648557874027801
0.33739145754264965 0.6681527486902327
-0.32121043058371385 -0.05058752412869671
-1.3216893239008767 0.48738418592791377
-0.14076154631249232 0.1713435772055217
0.09060720753153124 0.058570817714725186
0.15935325322748048 1.0495806788701623
-0.004892518254632776 -0.06495331744547524
0.772567969477702 -0.4906926550606673
0.8708076256916667 0.7918832523156846
-0.4419594230099036 -0.3956434247382864
0.9584545165224769 -1.0723523374398523
-0.48591173559091283 -1.4696086153050345
0.3422572310137257 0.8154524985532853
0.9758152151366507 0.31874458413512813
-0.15170023745708924 0.4682448103270718
-0.9496764238934179 -1.3643464192516028
2.2153235805867735 0.5316797216140867
-0.032219682790125166 0.4882310287942066
-1.310737699613159 -0.1627405906437204
-0.9643438399751927 1.2114342968326077
0.9249013173374113 2.106307238018981
-0.43040856956314083 -0.33375382567317496
0.0937412480128932 1.7250690232685817
-1.4447379387147097 -1.0977143959337126
0.6157716746944407 0.004046320261633341
0.27769378436591063 0.7866955525824835
-0.21983751351932512 -1.6828856816402467
-1.0873355047493847 -0.9836544747104644
0.14994681687347414 2.072437829616759
0.3782267994353216 -1.3590845935858051
-0.42116560740391334 1.1491385818253719
0.1274573598582944 0.8526099034536889
-0.11081040583995176 -0.06737005944710808
-0.29316248387678917 -0.3600676572559715
0.6047738536147773 0.353308779593483
1
1
1
1
1
1
1
1
1
1
1
1
1
1
1
1
1
1
1
1
1
1
1
1
1
1
1
1
1
1
1
1
1
1
1
1
1
1
1
1
1
1
1
1
1
1
1
1
1
1
1
1
1
1
1
1
1
1
1
1
1
1
1
1
1
1
1
1
1
1
1
1
1
1
1
1
1
1
1
1
1
1
1
1
1
1
1
1
1
1
1
1
1
1
1
1
1
1
1
1
