8
3
1.2581318272816215 1.2386887157069582
0.8205991252589047 0.7226505165509122
1.6744384526306408 0.4220011454819125
1.2974727786337064 0.4858763344785041
1.6032927444005496 0.7089231418819424
1.2197330707236709 0.36446755811848436
1.2614748881191908 0.3306258985912885
1.6861493179321214 1.3922536064288735
0.15584336973255203
0.05930063817495741
0.07066149450490915
0.06304113177681848
0.11366113297169596
0.04445531338430169
0.04170762684347526
0.23475474688685813
100
-2.1837592033457485 0.7341843864707746
0.5519311128419528 -0.35478205558876286
-0.2799911930627249 0.18577597687557493
-0.5595351208516158 0.8972127308590954
0.6170740668669816 -0.17729802329111358
-0.635172877958363 -0.45893518062960376
1.0177611236497464 -0.047253686051273724
0.6828433064820908 -0.2138123677444219
-0.9804118425457916 0.2578396395398405
-1.1604176903392363 -0.19767408787947405
1.5065044255085245 -1.6710565703850202
1.2729887145458727 -1.4639545135916034
-1.282488585376211 0.32723212714602506
-1.957903048519984 2.112004673148993
-1.3303798697468923 -1.1468029809784888
-0.2441627603616959 -1.5910447061571544
0.26759555076505886 -1.5413815436938105
-0.15743350630893696 0.23900317741817256
-0.32897696352021993 0.258842946967229
-1.3215627409053232 -1.0650247054849533
0.41337308763530106 -0.4436831939573033
0.7241666154140531 0.8806111125762626
0.2731782578661326 -0.7281679519130292
0.3168421540917843 1.1926110131072243
2.275252358406683 -0.5773715472432457
0.5096318313682384 1.6306044797118646
1.0976742024877144 -2.7666891686362094
-1.6843823352856175 -0.16386979204659927
2.0451957267143097 -0.18533465399140112
-0.035623996516960126 -0.33358374588209827
-0.22780952650248287 0.0006629709956192203
-1.0618704074198624 -1.9691852640387748
1.3882570533697858 -0.5007378813311225
0.3848279076094793 1.3175466758311407
-1.0252913389085467 -0.58438312838057
0.26285701830665203 1.3647609233272253
0.03183357140030852 -0.3505809228948508
-0.5190978754802511 -0.1216248927986605
-0.14612224633670134 0.5386331533997875
-0.27187249518038586 0.5313449375167821
-0.029330912380156973 -0.6231595055815099
0.2191137674096117 0.1703247340369062
-0.5182652240367687 1.6791239757436542
0.8314952218843898 1.4923004439444483
-1.172444885042387 0.05851896543052645
0.7470005954554627 -1.2498034592478187
-0.10172873229355703 0.7485844742995241
-1.4375912836222868 -0.3156708248891862
-0.17318424853766604 -2.001903943211667
0.8683480112223508 -0.909263031087693
0.4271759984810646 -0.48380725615179926
0.42279435079617794 -0.10691212547743445
0.986789799978045 0.1807897318076156
1.7165024452200845 -0.9116327608317382
-0.3440893271306648 -1.3249593493853744
-0.3403448205564619 0.13279272036090178
0.07883871003896575 -0.310662692708579
-0.3173536504531237 1.4561191544216243
-0.4951234793370367 2.523167761545359
1.3606858025630764 -0.3571290364310941
-0.40650653446059376 1.193030643076346
1.5102211684097775 -1.9810402688842474
-0.540465481378232 -0.9482360222044423
0.24828692957362494 0.7956573385353755
-0.88082230523805 -0.1971595159850159
0.6297771629489971 -0.3164432270439875
1.730157138040331 -0.8137235528941826
-2.5673592049100287 -1.6694820863067965
-0.03284300548551156 -1.1863932580214251
0.032974408772103135 0.05015585535272258
1.1220285254265066 -1.00639124774854
-0.8282818066719136 0.7562721567081818
0.7237508548470736 2.184028264095127
-0.6918097892246177 1.799306361955589
-0.5769063946531499 -0.16557097494807868
2.0529618252966615 -0.05722412213931575
0.49656291106142125 -0.9876982245515681
0.7407944217170439 2.2536915509167703
0.3796494003707581 1.2127111219561544
-1.4295256520231585 -0.24457640831154345
0.13180381134528044 -1.6973767599375007
-0.8588759532792074 -0.3965469344027407
-0.6150732422798968 0.8049721044706503
-0.1556854175978296 0.2821095150762734
-0.14969620148466622 -1.50570886312815
1.5901172060895914 -0.16856938168733412
-0.1774367677886241 0.18550138627612411
0.46042639778718225 1.1072042435981404
-0.37369941221200964 0.6082905417038396
0.33764566281780983 -0.5465225444823953
-0.26964851598858386 1.0982168737643165
-1.439970324214079 1.1107345049641724
-0.7199297492759704 0.6937471462243741
0.5048328899950878 1.0825203882859267
-2.0805027883362084 -1.2127354374475237
-0.04161055693855692 1.374191522311972
0.5783978944002891 -0.37084143033776595
1.7181430449098098 -0.46460223198248896
0.3793528649688608 0.7623603347656337
0.40589317606706354 -1.6362718462414438
1
1
1
1
1
1
1
1
1
1
1
1
1
1
1
1
1
1
1
1
1
1
1
1
1
1
1
1
1
1
1
1
1
1
1
1
1
1
1
1
1
1
1
1
1
1
1
1
1
1
1
1
1
1
1
1
1
1
1
1
1
1
1
1
1
1
1
1
1
1
1
1
1
1
1
1
1
1
1
1
1
1
1
1
1
1
1
1
1
1
1
1
1
1
1
1
1
1
1
1
