7
6
1.3903589381500594 1.290782597533907
1.3300784630973188 0.5562012675694316
1.3432085022831268 1.1699345020027707
0.7579313095426299 0.5775033641499553
1.2702896641329142 1.0576916969159829
0.9623435207200517 0.7553087731564706
1.433024578127677 0.7016001280763724
17.94651121689818
7.397913271415301
15.714659702044976
4.377078810554499
13.43574830431576
7.268665039901407
10.054102275509676
100
-0.9727046879506388 -1.0921155306107677
1.193999516694011 0.06232763175310298
-0.30692467630572 -0.7024683205121958
-0.2190343729654599 -1.6883955561277981
-0.29596915577802635 2.0184059173479474
-1.5799629946496971 0.17888814076251
1.568278364625432 0.5459217614784205
0.8911629154762247 -0.7408428069206335
-0.38071710661578234 1.9295724408571382
-1.0697725993804708 0.10134927118732824
-0.6720378643350827 0.6152211226719883
-0.1574011510128509 -1.0852055120514357
1.283327413890464 0.8805229052039908
-0.8817174261898386 0.472967490776447
2.4262030320900227 0.28910533320213955
-0.6731881694456459 -1.1882231099973402
2.2611210817562193 1.0598381371389622
-1.4071475062561458 -0.7122014923360798
-0.804562677076308 0.07112356545413132
-1.2388535726578496 -0.7694939805270223
1.210166250409047 0.5512011697641841
2.74154725758034 -0.709198365993905
-0.03294317340294347 0.19658312116536725
-0.7718674790436897 -0.44865163270097164
-0.12677503798367784 -1.2187443336486903
-0.5795625649358714 0.24971215954487558
-0.03883366136511971 0.28939483809711775
0.1570443750314397 -0.06328882968987251
0.609206657530395 0.22863881706562467
1.5818137856057473 -0.7893273350205663
0.8396200164549025 0.946911338222463
-1.4431443025010797 1.1490553067411509
0.2756576014571132 -0.3217252817605645
0.7133791960259158 -0.5000486606199538
0.48631369968500493 -1.8920287848114201
0.16433293962359197 -0.1559524130647966
-0.7092778873559403 -2.1616452801115744
0.5177696207163666 0.33752360364345735
1.550734017497469 1.518161594532804
0.6600773247081317 -1.7991255020725065
-1.0221729962907555 0.8689763841097589
0.5856355809224884 1.9237827389593587
0.9185501488151273 2.021889355630424
-1.2146709083742449 -0.7233376462472761
0.8837939083798189 -0.32569378487741396
-1.0491362249086231 -0.8279260330197442
-1.6070112934776493 0.3199982930752533
0.6162130080791551 0.28722532819036445
-0.31137390631920325 -0.08341774438634575
-2.1929261251401315 1.235400604318044
1.173981592845515 1.1636864702339682
0.025824465783657703 -0.3991655699240888
-1.8833428382187778 -0.5181569631377043
0.8595060840411032 -0.24249487578069576
-0.23016210916135127 1.2136240744995883
1.4120912196972935 -1.5046051519405397
-0.36735010016618225 -0.4122221030546068
1.4671130981516616 -0.08687127077184684
0.89133576565392 -2.9168678686489242
-1.3348453524462283 -0.08607954190472263
1.1485732100293753 0.10970033681756523
-1.648205044837625 1.3190061474786368
-0.7810789593384101 0.09993546808822205
-0.6973586864012677 -0.2054298104124774
-0.8665837836803286 -1.0903397387850908
0.8662501828559256 -0.04143648756159958
1.6953304920006196 0.8149977801950988
-0.49424723627410116 -0.8919823436725711
0.43869551657848477 -0.6632485959327558
-0.2538583747641881 -0.7014827607619107
-1.0869117685572864 -1.2892800291081516
0.1734424517750153 -0.5988077646658887
0.2053280158022192 0.37666754142940084
1.8550953722419845 -0.9600918141051532
0.13370818672107185 -0.4074959435856237
-0.6868383098582126 1.571858486729476
-0.7845189453807121 -0.7876844302840689
-0.1632169668391931 -1.0131557634730723
-1.8342209585599003 -0.6593032893819667
0.8287546525870935 2.3981808332533157
1.1527924957284323 0.5017373792804064
-0.09578228980705653 0.2512205995912246
-0.46625570482543566 -0.392707767220721
0.811066598144028 -0.9106463345713102
-1.277366901662626 1.511930697867444
-1.4675895634025982 0.3574912243794201
-0.27344072413940923 -0.7291579613098191
-0.6771995676718289 -0.015334227828131326
-0.1744338952873315 0.9287915506940054
-1.056321087051634 0.3011238014829757
-0.15114943971196207 0.6645073377689955
-1.3004735460187278 -1.7490544868715332
-1.9902938776908372 -0.8602259716242825
1.3365114169510937 1.6007065993857728
-0.7548253290688423 -0.08865035419601738
0.14079358663226105 1.9412096669670025
0.04655116265839825 2.9032132290828705
0.35133183319025496 0.38443388331723366
0.2453483112045159 1.396459497464246
0.5026080000776951 -0.6555339883249011
2.1388707421623883
1.429519579545482
0.587664498248596
2.898655610492469
4.161560188357166
2.5282840313679067
2.7575275986079206
1.3430194064861278
3.8681953197852668
1.1546850891554516
0.8301319208818407
1.202446125726989
2.4222498378316626
1.001123866978202
5.97004304660874
1.8650564706133308
6.235925423296601
2.487295070048629
0.6523796629071036
2.1268791605544393
1.768325083178497
8.019043687874708
0.03973017620097386
0.7970676927305083
1.501409661056553
0.3982489292996116
0.08525742557227778
0.02866841169252917
0.42340846024852424
3.1251724941430545
1.6016028544859864
3.402993575791328
0.17949427016500324
0.7589585403103918
3.8162739370562964
0.051326470186064066
5.175785438520753
0.3820075631532358
4.7095906201382265
3.672554646801493
1.799957590486492
4.043909060360392
4.931770942299904
1.9986427661292627
0.8871681139970509
1.7861483345673275
2.684884204935783
0.4622168604800235
0.10391222961498567
6.3351396434715
2.7323989813456846
0.16000005524583394
3.8154668847180497
0.797554473283567
1.525857990698584
4.257838275992205
0.30487315833886697
2.1599674604536827
9.302597610290377
1.7892218024818223
1.3312545826950708
4.4563570869146325
0.6200714385031857
0.5285105445054081
1.9398082001116546
0.7521063617993671
3.5383668588300012
1.0399128319881998
0.6323524562728355
0.556522138084067
2.8436201860854444
0.3886530231018868
0.1840380308397458
4.363155131625351
0.1839308232349748
2.942485966192365
1.235916737373203
1.0531243793228904
3.799047352210281
6.438105583168322
1.580670935974958
0.07228603669965737
0.37161377271774776
1.4871057732930888
3.917600636617113
2.2816191021165255
0.6064411621593762
0.458834392997997
0.893080928465687
1.2064897827695042
0.46441615507407796
4.750423041939967
4.7012584418305705
4.348524384957785
0.5776201627029653
3.788117805162917
8.430814064266636
0.27122346765519356
2.010294921869002
0.6823396115912519
