5
4
1.2841386916196582 0.7888562424233595
0.9719532674571638 0.5754102282987941
1.3610290672367662 1.3066980139776425
1.2975367434767455 0.8225013998301659
1.3567092293089433 0.8741810651828731
10.130008230215328
5.592718515232855
17.784539791241258
10.672257878406981
11.86009519220727
200
-2.3710251920534984 -0.4109429293898655
0.5730866194014553 1.018095473979766
0.29579367825745556 0.5759728400776072
-1.7922062305946063 -1.3769390727169348
1.5889405031661037 -0.13373690837624452
-0.3539244621148681 -0.33603770196478433
2.107053726636429 0.2526103260701611
0.1913127402816706 -1.6337205284118181
0.09276513146989 -1.035376232622708
0.10058184141205562 -1.111482816780703
0.5062547882503853 -0.10473448080968077
-0.25294801876130435 -0.22519602353079946
-0.5065024413540987 0.1874107009267372
1.0334396862843287 0.12341467217430148
1.2350995084416516 1.2803422037818633
-0.9968890027969695 0.3994444692395245
-0.18755768062762004 -0.48693974711086335
1.1543830543666396 0.23443186957902853
1.3191384856612736 1.6930860345181882
1.1712081811326325 -0.5319098205410023
0.9237787635000588 2.4845081298671983
-2.0082666430193026 0.012683989353934676
0.31648661964650904 -0.686482542966854
0.3382150589218087 -0.23896395564111297
0.37504982688160743 -1.4187578641934728
-0.1280129679116676 0.3279273687005391
-0.039353710605837644 -0.7078679087423279
0.6454246266003452 0.4268557366781465
0.10478591040278183 -0.6523920907700765
0.03021445954744034 -0.8020036286523266
0.6163752923000962 1.4383072292143126
0.6012795417686935 -0.8474230198522856
-0.7260483526223133 -0.2869730682732806
1.093524912767694 0.4918882043522031
0.5840117295387152 -1.4594119726411854
-0.3424279687133253 -1.2316089374212227
0.4461457198199038 0.12111915006917957
1.6903584013992043 1.14164982867607
1.7256158255037388 0.11639843851933007
-0.032025567865324484 0.39025577321217564
-0.8754003622479215 1.3708337641442945
-0.3585462808458398 -0.6479131520094924
-0.3584583263417242 0.6828701934553867
0.82860251748701 0.8040240463120759
-0.5977911756455493 0.43533551354383615
0.02518259062414658 0.5297761358461595
0.061940537970815855 0.585064459275237
0.33801950785618473 0.4627017474440621
0.8150510596196635 -0.5721963802665514
0.8927969188944475 1.2575301145701288
0.29078774992738354 -1.4337000553736332
-0.02597257776622193 0.0011728765153733531
-0.9490113432545305 -0.9745507414146098
0.3720003059274539 0.7850992221213428
-0.39437815520307945 -0.6390872293475213
-1.6629382935095824 -0.32258005553411195
0.6661702426817886 -1.490451526355704
0.5052012031289334 0.017243371344838162
-0.11811192411069824 0.6965803728373354
-0.6207034097664947 1.4010882916435115
-0.1773885012786882 0.7253686493701994
0.009004519424016609 1.0024353915078825
0.1163372605385956 -1.2481046619389602
-1.0248254625056286 -0.4335406743198303
-1.0386742626313938 -1.7904907413490256
0.10281111580561819 -0.4076992002741667
-0.1008587135159911 2.1957508892324125
-0.45028295502427135 0.6976660342890083
-1.0701679042735324 -0.5545801818915541
0.36113698803405453 -0.5096982592894128
1.1355971930857454 -0.7555419083249403
-0.21003844946473355 -2.39561967070469
0.037256129219949016 2.225588258576875
-2.3054344669280766 -0.08012853343520195
0.7454709827108733 0.6436867587661284
-0.4705454458666893 -0.5746224660173848
0.6171708481815436 0.43352357879457404
0.1889635381558922 0.822025721105428
-0.05338788138651883 -1.0859994909233688
-1.372812477795802 0.26539725023872673
0.7797228279590778 1.4056302018820703
-2.0644379654750344 -0.05257937979036884
0.9412605139486513 0.7988289173612662
0.7486262353721465 0.05233248151542846
-0.9253368528251452 -0.23127525608008181
-1.2540185842068186 0.5011522271855899
-1.771553292527419 0.4912729021284859
-0.6651442038993292 -0.009805874635859113
-0.40688439754044364 -0.3722300519383653
0.23922899864796793 -0.023881494163909334
-2.065969965975133 1.064375697553048
1.4384961922367536 0.18508865327557497
-0.8729968841853988 0.2766060968468915
-0.019510568832581288 0.32257601846670686
2.4028408734540636 -0.9959980758468641
0.6612399316261085 -0.9960634584064058
0.14552839229137174 -0.348410737664214
0.7671390227598923 1.0161688912835023
-0.666085572080594 -0.17786452605833025
1.2100634875826832 0.875653571025522
0.9924857606455784 -0.6322284801630571
-0.6133639856096073 1.2235769862417938
0.7501002911114594 -0.95862464760557
0.08914206103773598 -0.7529425527085708
-0.8250578743057859 -2.183381169221809
-0.5599111059322373 -0.5406621577637212
0.5131591722406192 0.008544371679457282
0.3402811419426988 2.2729799994786064
-0.8076372304784307 0.2584186602111416
-0.9447279019149776 -0.03050910998597893
-0.8589607381000467 -1.034140778521779
3.253044700034903 0.513141215609225
-0.22569822730578365 -0.3197771139692363
-0.4590481911009978 1.0741594472771783
-1.641450968270678 0.6644786681373426
-0.8410309953933691 1.1333412060705534
0.2535419882343869 -0.6952299829538401
-1.1730698243076605 -0.5768635734486137
0.6864792069185566 1.083799298497957
1.265596557684325 -0.4745641012207918
-0.2107905830518423 -0.38433287162919993
0.9564172805179789 -0.3481721189813446
0.845740540719315 2.043706268689167
1.2190219824681185 0.08326034084712852
1.3847727133483172 1.119317814088711
0.5791652503526062 -1.4399957448470244
2.4463529143312224 1.1495842290182616
1.2599365946551409 -0.5894523722145592
-0.5571734298179922 1.3002834617401564
1.8563161637621761 1.1680637234603175
2.315126367311378 -0.8088543063751011
-0.681315485527833 -1.1491082662657606
-0.1429871487399008 -0.14539684302292408
-0.6745120827141349 0.40071137192707706
-1.4414761068775221 -1.1700022511186319
0.04044701010570269 1.948787325461446
1.56325801311881 -0.3151881358367766
-0.6431331099546099 -0.25802173588431704
0.427343639238234 -0.22884455811232296
1.825617370070802 0.33039831015614907
0.4327897859863665 -1.8446013916958985
0.25351824156338765 0.7355571602906975
1.1322758838271898 0.2065083010752448
-0.11882004121878033 -0.5627398091519107
1.0382219550730307 -0.44890910266807615
0.6106743279247098 -1.1385724360118674
-0.28601317383256614 0.26481852885705176
1.106652091428082 -1.5779175578006788
-0.38380021154704325 1.137900816346739
0.5117336263346692 -1.1452254879159183
1.1853269469428445 0.18437313707601183
0.8836160660253138 -0.47640314042313703
-1.2438513778774862 0.6714182570616127
0.5556459328343687 -0.43845925575878153
0.5573672783360132 -0.7856446784842638
2.2865540028056284 0.7698004639968525
-0.5417783406139999 -0.7605524328520393
0.6984722938573857 -0.3524670817814184
-0.8753470416082734 -0.5787550663500083
0.9094309894682611 -1.0583474200133312
-0.48806292565690435 -1.8528712368345495
-0.7137140677001934 -1.1712101395988601
0.1237987795423164 0.8138784323245892
-1.300058028019254 0.043767346872133
0.9865461394750782 -0.382850287154565
0.3019504185354954 1.0759194171059
1.1598410767466156 1.9456253792359337
-1.060689802980604 0.07271432012643606
0.5525140232748252 0.8264823557402565
-0.14790497525432328 0.04165287764526196
-0.04560924214390919 0.8069980806640861
-0.536354899594652 -0.8148330380884558
-0.13586106708176182 -0.4600664242460578
1.2264352021436769 -0.20763238349035204
-0.632570777086154 0.48724301005916526
0.319252043489039 0.6282789833818515
0.7743046814765037 0.33513892513752735
-1.5909290320732064 -0.299480612374014
-0.04850653993680946 -0.6362677188446404
1.319803514673599 0.7205578277974469
0.4749441809382375 -0.25115430658391585
-0.20614846003133325 0.5349894679599501
1.3394757731358522 0.4354119574946174
-1.0992356687917455 -0.06966936611143303
1.807579455889199 -1.1779978532722921
0.8261448391600811 1.0346062661416888
-0.7809674180405343 0.5351334729571972
0.4092008420626415 1.3596573896239421
-1.4107621002303465 0.23242543581634242
1.3981883395888712 -0.566670316213145
1.7495799769750755 -0.357071809855477
1.5029878669914964 -0.9853322850838615
0.9210895167063056 -0.39074717007892473
0.07778906585679618 1.700389412420808
-0.693117961398306 -2.1316264772409546
-0.46870570822593305 -1.2338048309750007
-0.2844573411103951 2.554471705643508
1.6361246711281219 -1.3683251434194432
1.433727809794128 -1.348998307465987
-0.4198862142206982 -2.4137807953932615
5.790634552567853
1.364946667475073
0.41923861260414
5.107964382956699
2.5426174832637867
0.23818386202507194
4.503487383769736
2.7056433295482725
1.080609312696618
1.2455107588206056
0.2672632220969158
0.11469594920935355
0.29166749391951313
1.083228766495342
3.164746954537808
1.1533435679035815
0.2722882008788039
1.3875585376831707
4.6066666646332415
1.6546566607399706
7.026147851269901
4.03329579304995
0.5714220622135125
0.17149319817713032
2.1535362498547483
0.12392367909641296
0.5026256907656846
0.5987787685572381
0.4365955271182916
0.6441227339372427
2.4486461865681823
1.0796628619251374
0.609499752259756
1.4377507404244276
2.470953006127237
1.6341174884929672
0.21371585182710054
4.160675856496973
2.991298573718688
0.15332520552252957
2.6455110031418076
0.5483468880552594
0.5948040728335073
1.3330367990338539
0.5468712990321635
0.28129691698263176
0.3461370517511395
0.32835009477912597
0.9917169273772802
2.37846832743818
2.140053364286189
0.0006759504351427601
1.850371677217534
0.7547650161856567
0.5639666160164755
2.869421660248953
2.6652285446507613
0.25552558949825777
0.49917464243933257
2.3483211238762864
0.5576263578750464
1.0049577955176192
1.5712996053433912
1.2382247448895687
4.284701318709454
0.17678876343739128
4.831494447657031
0.6894926349859417
1.4528185214840734
0.39021223964896634
1.8604245601795162
5.783109756920796
4.954631115879701
5.321448663170421
0.970059629474759
0.5516039950777819
0.5688425492159811
0.7114335049112923
1.1822451601647572
1.9550497996261265
2.5837639528835314
4.264668704473839
1.5240989943314518
0.5631799289090351
0.9097365352712519
1.8237161643491508
3.379750132630484
0.4425129671582465
0.3041101245278879
0.05780083955761028
5.40112752585283
2.103529104651005
0.8386344926102864
0.1044359499860041
6.765656430232143
1.4293806603494303
0.1425685550826331
1.621101495853345
0.4753057789638867
2.2310228204305154
1.3847408362135214
1.8733560201034534
1.4816116617223993
0.5748687947253543
5.447873826066375
0.605816015383984
0.26340534234207424
5.282229333591593
0.7190581000001913
0.8934416144488121
1.8072606993990084
10.845613727582085
0.15319709242746712
1.3645437599279113
3.1358931816463227
1.991795424589818
0.5476282689958427
1.7088643950731097
1.645874620956194
1.826945732989911
0.19214442611808272
1.035957838909366
4.892012374895598
1.4929468780984818
3.170467836570391
2.409020132393534
7.306186481064376
1.9348943216605639
2.0011793117701098
4.8102825619087035
6.014055385561924
1.784640598420329
0.04158556666579934
0.6155361533190402
3.446758634321444
3.7994080005056667
2.543119176552432
0.4801954133086447
0.23499241777500224
3.4420418252582703
3.5898612931005704
0.605315834860307
1.3246943555096276
0.3307942949995615
1.2794242104539235
1.669270326832294
0.15193238883179083
3.714502670677806
1.4421208702261301
1.573412722493884
1.4389934248240945
1.007737304343079
1.997968726163375
0.5009889216359203
0.927895843790337
5.820921962116211
0.8719637734756152
0.6120965890259072
1.1011898700781588
1.9471639860540946
3.6713372396895703
1.8811209615323379
0.677724240419298
1.692066456869537
1.1198476276875133
1.24877664735926
5.13068943963572
1.1303502304984823
0.9883448302652981
0.023610843921113147
0.6533261051644605
0.9516294582796521
0.23011934426714864
1.547254511731086
0.6375515388748965
0.4966563482312601
0.711865838898767
2.620743822281304
0.40718949446040364
2.26108490054496
0.28865046072274086
0.32871091840136063
1.9837789195471836
1.2131728761184049
4.655022431666822
1.7529254212104832
0.8962779419201299
2.0161135463037674
2.044271286660755
2.2760458802393906
3.1885303732255714
3.2298522403522325
1.0010892487109437
2.897375292639654
5.0242439468876245
1.7419594018608235
6.606241673844848
4.549217637587945
3.8753718661231646
6.0026421611019165
