3
1
0.9971833161959603 0.9490297624716749
0.9590846176323509 0.7611576950184057
0.9771047629581789 0.7871681324054083
9.463566457101694
7.300146368846492
7.6914573142221885
300
-0.41153113631465277 -0.8759338088793789
1.0049777893430496 0.5668025138730514
1.244246633546368 -1.4393043186765395
0.9867287721306636 1.4200692330875844
0.6907380640108217 0.4179198064432971
-0.925574405992152 1.807689039910625
0.47865790705798233 -0.24022251412967918
0.29203808621353466 -0.29820072596027036
1.3537989371720192 0.22759591948154845
-0.2854159375346449 -0.3605159966038758
-0.9792859850233545 -1.831704194190498
-0.4651694140982736 0.03171705080323525
0.3590301539500392 -0.4115433081982839
-0.9338567025160424 0.8928919480466717
0.8222815355287797 -1.046156453172313
0.623316816937755 -0.25943940834807544
0.7428260058615266 0.23016720608559213
-0.030177448487773255 -1.7908497005834394
-0.8159411548107445 0.6640223168495009
-0.012692318497660173 0.7875326587620357
0.1335140765409682 0.5612993457746753
-1.2503062612596636 -1.2738882349671012
0.6355775068278287 -0.8324720820795575
0.3900644510720146 0.7369140041212102
-0.5687468515039709 1.1747829335141429
0.9563722000911228 0.15164901969809397
0.42105515839918223 -0.13118727796036736
-0.9474916952989889 -0.47046729021077865
0.4998964792087751 0.545971264880444
-0.5943201684027535 0.046359894179669965
-0.39824356999417043 1.0342766517243562
-1.258927959411378 -1.0661578185989529
-1.767092830779322 0.1367452812735527
-0.7413280557995146 1.0066327776391222
1.077971510396854 -0.8810793850867957
-0.03301247477291777 1.5628912337145748
-0.3584740560936005 -0.3526432719184303
0.0277689607048345 -1.0056975996344173
0.9504382553842243 0.6475896393480571
1.1001441282682076 -0.17275894832926353
-0.8718676578365823 -0.8862562528860548
-0.16762893100702858 -0.4880229511721321
1.0685917764248538 -2.0287267465572403
-0.8527395491697779 0.8951262173117284
1.5555429909099343 0.5625352902593095
0.7645300295195501 -1.389141786475542
-0.35207338594249243 -0.35384023258794983
-0.42457080270220326 -0.10839372017459357
0.4036418277508249 0.14421698237335373
0.9007060411816886 -0.476184197750046
0.7201239667507949 0.5098296025243991
-0.8867440650130018 0.7794735684578854
1.279751628287361 -0.14173294071305276
-0.7989492340581232 0.13393068797961874
0.9986075194277704 -0.4260834335823453
0.2716645351265368 -0.9292794905861116
-0.10423339972945819 -0.46777640939476195
0.07414593002821518 1.976297812831706
0.04906020193285251 -1.4902804173415705
0.5869541772058903 3.363073021604992
1.811458540464629 1.8826626194888543
-0.46544771750525565 0.7084236140289899
-0.12228760628973467 -1.243376755539919
-0.6680423342042944 -0.16404988602024498
0.4426771179298539 -0.012223302281714237
1.0429826077585134 0.14996527430741835
2.5657475411578 -1.615720177491141
1.1861003084288955 0.5542395082076481
1.6030359112098216 -1.4911408280699627
0.7575139442939935 0.4211703156008553
0.1653104673410708 1.2376943540322078
-0.7767838726641697 -0.20863254520992305
-2.1280352426052507 1.1973757312000843
0.46132504043116823 0.7047920273026441
0.246581551229556 -2.8114108354243594
-0.12308841805928382 0.7912470353023113
-0.261614273669437 -2.8036039828643977
-0.35400503814137607 -0.5189971687724336
1.0311093359052257 -1.4923983837289823
0.49872867405510257 0.765596057949974
-2.075827308708658 0.6837942153467431
1.1553658588615505 -0.1417847324814934
-0.07625660340265938 -1.0022087134247404
-0.8954449690306613 0.35466938027529016
-0.981338667799227 -0.29846695029746373
-0.3988066111317012 -0.12007150478591407
-1.1540565249128114 1.349212733177893
1.1291234480672172 2.857663773483663
0.2390488624539279 -0.18054030618607075
-0.0002961691981878368 -1.2154860180668945
0.7191363757783653 0.3597882333310039
-0.9216812089302691 1.0466351019905096
0.5748685769026104 -0.24386510983101345
-0.07463820261106928 0.18024634485368704
0.4619655903545726 -0.4790507888970194
-1.4763646332502462 -1.2024275528258
-1.938731988883342 -0.8370203793185286
1.090788841517758 0.5921377008870286
-1.017207325133468 0.7517702933040408
0.18264839361704754 0.7951810935439948
0.17985462336236596 -0.28595735021943725
1.5237595044454342 -0.5520197645164896
-1.5177318260555834 -0.14720350242282051
-0.8567148856769096 -1.543562331334512
0.7288156408613191 1.6296620158745678
0.2564784505274244 0.17914395992389542
0.8473261299174087 1.7716925499866791
1.3574141079341449 -0.4632601225302204
-0.1519846096466574 1.707331620650184
0.45336352648335837 0.4794126052538096
-0.0951135956944633 -0.9274308844237884
-1.2383774753249597 0.6179553144389367
-0.05546366493307506 -3.003157725870599
-0.16578920342547868 -0.185493447403311
1.3198954501435316 0.36075237082502215
-0.22679580465061092 -0.1324910513262129
-0.26864290112572714 1.3878074139172953
-1.2861174788491538 -0.7376354857345384
1.1380819812147704 -1.3774017790570292
-0.8403310391094512 -0.8317179461679627
-0.3620822319704856 0.3930705379780255
-1.0066287741038582 0.20732554947345688
0.28447622825983265 0.8704742903063606
0.5847498224542782 2.3001410801739928
1.069438449864752 -1.2883406683328316
-2.652986757190141 1.1945174919987667
-2.0162776576913988 1.455329098628565
0.5157648100326575 1.0704878253803816
0.822735704985986 0.8219000028135576
-0.21848166146412926 2.1629184920555646
1.7379416297684038 1.9665502910809876
-0.04412246883538211 0.8184919730835212
-0.10173886280817206 -0.5290273333907612
-0.4758212850734771 -0.24469385398623036
-0.061604905134642125 -0.5222632351935643
-1.4692463330532386 0.1761387691066454
0.5849002812349582 1.27560754790794
0.4009590016197072 1.309466576500571
-0.3660937616554614 -0.05260383626111201
-0.8726532857300758 0.08362337983984493
0.2589009884400566 0.011400276179712517
-0.07120330297083341 0.8438033980961432
0.7658968823951766 -0.5907631748865744
0.5801800400213986 -1.139115961546257
0.2975317780892632 0.08449537185621603
-0.2815403786712399 -0.04291612528475219
0.9447561093055821 0.3469942528531536
-1.4440857371032985 0.3760863449112084
0.5735448106772812 -1.3989376410095948
0.20760134104825367 -0.38508305825145783
-1.4728822058915823 1.1963929533753035
-0.4896425845506208 -0.2246049331584541
-0.2810960929249971 -0.8185611287033482
-0.7318773146445529 -0.3973417825463127
0.21465302636601832 0.8569237413450719
-0.5887154048719035 -0.04067041632625739
-1.2358163705259742 0.8233266834997709
0.6803164846678823 -2.587075766653632
0.8490433151641037 1.8616405160704734
0.8616098437470889 2.2477131722870243
0.07421576367314639 1.791683439302825
-0.997750553064995 -0.27445634929028107
0.58992105442228 -0.04667542053037931
-0.6419165003099334 0.7569684843239173
2.1478749873665417 -1.6387921226133364
0.8375646591650143 -0.937970133257066
1.099043378330447 -0.5361126501815046
0.765104465314515 -0.9203290256681596
0.7906052380948495 0.01323974244039153
-1.6466206017053613 -0.8503884676084357
0.4324451803200718 0.6304005920710117
-1.5493373791280232 1.06270574496295
-0.5350017464472955 0.5150758525401837
-0.4186471610799981 1.2546717599820862
0.9551104452430045 -0.6553270138963552
0.8031310944531395 0.09700603752757489
0.463291808095978 -0.12143232793749119
-0.24172895556197074 -1.0421554534286046
-0.6356986883351049 1.0918558744008078
-1.731702464114992 1.6614053515530156
0.4309886326484043 0.8539378065795009
0.6573509030852879 0.17932562169881244
-0.21818254048346974 0.12036738156574443
0.5957886942731022 1.9212052728968323
-1.0062611149663345 0.7998430760913103
-0.279170225016265 1.1444942693353994
-2.338251553221612 -1.406343746453232
0.5062523348635216 0.8176009858814505
-2.009320770239237 1.2688996309838625
0.5112571456687769 0.9913422005656553
1.7720810832789098 1.1991432657576582
1.72344794850715 0.11935344406229723
0.07158591145218055 1.2791264969693674
1.605184985732372 1.0173706009496906
-0.6888612210675373 -1.3853028862124086
0.7120101441706392 0.2675075488827156
0.5503097582831964 0.8407625558007864
-1.5968106304102785 1.8623338278653108
-0.09071002574325158 -0.9112009756144209
-1.20919637548233 -0.39773826470051243
2.261486150326153 0.8346671364852591
-0.8073679153495114 0.17574027948395582
1.152792724747617 0.5046950416451975
1.0737304574177524 -0.5374699089201215
-1.1149736849915177 -0.13023818926667788
-0.9944264966121356 -2.057839794765051
-0.5144851890731051 -0.7699787947130596
-0.8895201812685608 -0.6668589966722045
0.4217450615718655 -1.3544665117592405
1.2774496604916314 0.7903677909640769
-0.6493887772921364 0.7658549409142565
0.3468600063157662 0.07617073536690977
-0.383771820270098 -2.3431890376056637
0.06650757276277244 -0.3452947559295158
-1.239526349961394 0.22848642127379673
1.7302148787793485 -1.034661875949898
-0.7145546481300364 -0.5620266141056601
-0.12863990173652423 0.6847094993415229
-0.6783398192004236 1.3869728096153657
-0.586481262984934 0.9506011608003293
1.4842314481979124 1.6658443680589075
-1.2677616938756373 -0.2803853971268179
0.9522044082067854 1.8605928392884046
1.308332965945054 -1.2098558395863057
0.34498494849386757 -2.0924144693140128
0.4616841902977504 1.9929790820478839
1.1834050301706978 -0.45186387522803895
-0.27371566706849243 0.38368706737936675
1.216674426298335 0.5996713577434608
0.49960077291342697 -0.1450813722744557
1.4131306863083462 -0.15996767478884896
-0.15349494262116695 0.2522417495895844
-0.24358652652905222 -2.022719993819341
-0.7110307866155278 1.7306855943198938
-0.2660806748433029 -1.517589509947042
1.4627605204600131 1.9948108339295154
-0.2835213357921333 -0.3855877634179735
-0.3004468352489401 -0.6503336601887717
1.0967215680076576 -0.9393479763192502
0.7549267934986058 0.259332475929254
1.2137266337634647 0.7266125504950209
0.1550490392010427 0.8775376875690178
0.01479194856336949 -1.390175534839123
0.6994486032886611 -0.5693960546495169
-0.13857489024841116 -1.9609810634560727
-0.6606249211286673 -0.3409218409963639
0.6859909651834254 1.5563587794174785
-1.0304424058869688 0.3687370671926346
0.8795594236186086 -0.2754350512677669
-0.48293813342651126 0.3653055280636765
0.3442963718669649 -0.08538392719178327
-0.9133747934084953 0.11305286588798935
0.8987523815865237 -1.9661380434970428
0.38940309265121653 -0.3830748711558237
-1.2502638426257433 0.2778942863912966
-0.4647958550523175 -2.518495507853357
-0.8180949312509124 1.8858544733291194
-0.7020079501354307 1.9297283913990588
-1.0456135316842394 -0.4462369490061451
-0.48439412639678137 -0.33840786572246134
-0.5901991013457148 0.29531055107175525
-0.15853180509894946 -0.1729660238712059
-0.6945759021143781 -0.9999700708800828
-0.4511842214104172 -0.7999241521493614
-0.41716315144429567 0.999842813700157
-0.3183178312430508 -2.957478963112657
-0.6276700790748837 -1.0968182736831593
-0.008950606816732798 -0.795619228418371
1.3511463309718574 0.05842054508008684
-0.8364742648618103 0.9100949425047602
0.27127074432646225 -1.5568601103552178
1.367024511047084 -0.007686229119439033
0.20982214363873722 0.12268189445632773
0.40147529958684036 0.48546535192557977
0.1691413978042625 1.4774305993730834
0.8772815786790257 0.16640649857320047
1.5292414598088728 -0.26535768190696724
0.2723857545029977 0.11184231027701627
-1.8669469816184956 1.3359899374861908
1.3318011319245646 -1.0402468532738485
0.002620013285129079 -0.47344789054836905
0.04584945278278829 2.5729162544214934
-0.19960755740590236 0.8335775376202821
0.1295449787424757 0.9222568033337983
0.2746850082134065 -2.221783432005289
-0.2835438880816559 0.5603656752974804
-0.5027615157063674 1.3528866289547872
-0.8548350903388257 -0.7538262000346678
0.5243762430816531 -1.3316249394924893
0.36295201451920794 -0.7713941395241158
-0.293998752558985 -2.2666697950592773
0.306079199296711 -0.25689575264678505
2.3203432297615882 -2.29642258789646
-1.3210958961598762 0.5692062344981021
-0.363667662150373 -1.6734199006982302
1.6811081420055762 0.6402422346487701
-2.4645591967769716 -0.005922132181885095
-0.4213989725625416 -0.47364385869479536
-1.4833838609877414 0.693897285177232
1.4604226007705774 1.4346486753859125
0.9366179136943655
1.3312454468056536
3.6197466068524076
2.990230296512447
0.651776037691021
4.124427646040722
0.28682024828391195
0.17420991676249617
1.88457146485274
0.21143404120606607
4.314141295478223
0.21738855512418614
0.2982705459681765
1.6693443717207161
1.770590248185642
0.45583266088141416
0.6047674177414362
3.208053328477027
1.1066856053880703
0.6203687835656471
0.332882964201666
3.1860569821327145
1.096968534627352
0.6951925254600672
1.703587921971775
0.9376452102825276
0.19449754831321112
1.119079983818825
0.5479811120004813
0.35536570235862747
1.228326133343847
2.7215921011473743
3.141316344542261
1.5628768353329425
1.9383234600522006
2.443718831912498
0.2528609261215338
1.0121987770890555
1.3227052182887546
1.2401627571908476
1.5456033585610784
0.2662658593813164
5.25762059683955
1.5284156836370797
2.7361599493561495
2.5142210689696243
0.24915857928690566
0.1920095650804813
0.1837252631149028
1.0380227628080447
0.7785047510990868
1.3938940807602527
1.6578524565873218
0.6562573077847558
1.1787640702310056
0.9373619912695004
0.22967937080541695
3.9112506639431333
2.223342625725458
11.654775354786775
6.825800582642879
0.7185055946447475
1.560940014869049
0.47319292539237756
0.19611243985735197
1.110302303584848
9.193612136909302
1.7140153741133766
4.7932251017654774
0.7512118105431677
1.5592148646157276
0.6469207237519156
5.962242635436925
0.70955259467819
7.964833346948269
0.6412226295350341
7.928637320920702
0.3946776282232791
3.290439398347794
0.8348676142733007
4.776633544522299
1.354973178187737
1.010237374826984
0.9276120618671804
1.0521081013378302
0.17346387934390572
3.1522214620631948
9.441162003256089
0.08973916079827712
1.4774063478323087
0.6466046998110871
1.9449412876138465
0.38994407250292473
0.0380596061221253
0.4429018650145054
3.6254845501067763
4.459284840114092
1.5404473535914285
1.5998693161996282
0.6656734072207113
0.1141192916893404
2.6265688478046356
2.325178766947561
3.1165450660552336
3.1869705243484554
0.09787375396216275
3.8568560621191152
2.057183001545365
2.938080584441431
0.4353749332216718
0.8691746414690202
1.9154475420355461
9.022032544584077
0.061893879002019654
1.8722662723654702
0.06899021568864325
1.9981784264490585
2.198204279216132
3.192466256915206
1.3979109972686241
0.2856079905350629
1.0562853723183072
0.8386522145293025
5.632581343564292
2.8035202757294106
8.465210772517285
6.183358378220545
1.4119575235556416
1.3524136548837133
4.725950639672043
6.887761155832773
0.6718759022582849
0.2902207156800397
0.2862809775076098
0.27655405117149656
2.189709653172792
1.9692829552684408
1.8754708359519983
0.1367918059124317
0.7685166267513364
0.06715968811221204
0.7170740849925548
0.9355991632647163
1.6341940526886851
0.09566462683807878
0.0811067786318017
1.0129691175833393
2.2268245549338492
2.2859801732883285
0.191387278557329
3.6007380913181346
0.2901972366045255
0.7490573348817979
0.693524895848403
0.7803942202089262
0.3482399106976404
2.2051089294227237
7.155791541717344
4.18657996209999
5.794586027714481
3.215637526249588
1.0708324538072522
0.35018544533238244
0.9850580796298014
7.299006582494346
1.5813025291644849
1.4953131211366382
1.4323903583315138
0.6252319332829015
3.434519951801949
0.5844137404655415
3.5297898147405506
0.5515300025716534
1.7494666707768878
1.341689457754604
0.6544297261942988
0.22938510971715886
1.1445208770680617
1.5962620728145254
5.759061166390935
0.9149609789779503
0.4642678883847091
0.06209192751681443
4.04599386883024
1.6523103778645003
1.3878031470772019
7.445223059331394
0.924762798669087
5.647476231225783
1.2441432276197408
4.578215937526896
2.9845180758230363
1.6412891379675645
3.6116617780973694
2.393593868439088
0.578518734111133
1.0097225052983805
6.018091475802732
0.8385155267310139
1.620351601686579
5.810988836845505
0.6827275965689147
1.5836481512922829
1.4417709981811395
1.2601283041670273
5.223588678082953
0.8575623540833648
1.2359470743267127
2.0124484284375015
2.2565588800836194
1.0082395745957553
0.12611384490770916
5.637815675988781
0.12365172570721937
1.5886316169551231
4.064168724293598
0.8264622601273128
0.4853753228073016
2.383838484925205
1.2476028387473368
4.977980450413253
1.6858356833803885
4.368498948619721
3.1754863023596664
4.497212926081958
4.185117913051315
1.604628427169411
0.2221360320729285
1.8399023969062687
0.2706495368767328
2.0225279935636484
0.08718659764628993
4.150730569303003
3.5008374059015
2.373876846226371
6.118938603379018
0.2290622711470307
0.5132021703856285
2.0851728183482456
0.6371677966136837
2.0010981400436707
0.7941125976611456
1.9328068194075427
0.8134402156928944
3.864649731440669
0.5526529880846079
2.892836254583151
1.1977785765719502
0.8494892471431764
0.3666773695513643
0.1258304067034471
0.8470344637194991
4.673454649493828
0.2983811254773829
1.6403849105862174
6.558854809951352
4.225726411113885
4.216666826624949
1.2924350722995008
0.34915755327053244
0.43554330080359316
0.05504957864174587
1.4823758264539202
0.8434458508415992
1.1737107470307833
8.848008058941195
1.5969800536511765
0.6330900699914317
1.8290093677861665
1.5279620001488488
2.4974012199426934
1.8688150919215956
0.059076179188548406
0.3968590240985702
2.211409988415088
0.7973140910569562
2.4089941417454117
0.0867027016242677
5.270360145238767
2.8558077707416953
0.2241597695343147
6.622000224586809
0.7346946881986434
0.8673395128128648
5.0117734724704
0.39440682652006387
2.0830713724800116
1.2989969715332952
2.0481954237868045
0.7267830833357025
5.224227226340306
0.1596799039700739
10.657549406101513
2.0692901042419747
2.9325883325467927
3.2360347041454913
6.074087106067531
0.401915598956061
2.681921121415232
4.191050994628051
