3
1
1.3951127082861747 0.9097113453842931
1.486345456096866 1.3985983442250818
0.8408739551793986 0.6213292881063802
12.691498588177408
20.78800293843551
5.22459615958812
350
0.5422831438261606 0.03986247612011434
-0.7131533214229353 1.5766315454806525
-1.179633952290474 -1.0430553178575346
-0.9093344652187909 -0.23332072952310992
-0.14161383599003885 0.4708200954732033
-1.0752864097179495 -1.334947176056224
-1.5079515136744197 -0.9934212242307862
0.12127886115587308 -0.45082689388193253
1.8488434879995752 -0.16689595878957134
0.07015695353446859 0.8239061564527619
-0.7902434675089138 -1.6642745021789689
-0.06266990358841111 -0.622891566173339
-0.5368992051111623 -0.13691311575387677
-0.803823258277049 -0.6398903956356479
0.30578212057062165 -0.1299249144648847
-0.09642426336856334 0.11685671099118683
0.0814781386113665 -0.09422856843517476
2.2244538424301203 -0.3392789663031357
-0.5757911832470595 0.38958860622184516
-0.626098207413665 1.2733467149152335
0.3237662616555487 -0.4635086717115803
0.885875753388808 -0.4335587069041174
0.283632968413107 -1.5760901129128304
0.6188965925063463 -0.39181903664560713
-2.70391215733475 -0.013958877606666061
-0.5109386586242578 0.739396133564521
-0.8326739450728741 1.5809768968668994
0.8148473094253227 -0.45653536566324426
-0.17443644755691154 -1.0450230976400132
0.39802252913958547 0.6154647383657977
-0.40995480631889736 -0.13495270523317998
-1.764599497004954 -0.3245294905297624
-0.9435661563935176 -0.9866589720909803
-0.5537753158387817 0.9890732961689956
0.6046212876712662 1.1183040583762074
-1.3660269447188214 -0.7097566945896582
0.010153095816851369 -0.7097642770366142
1.1085929633173526 0.8445346120106284
-1.228415455026517 2.158466273488139
-0.6421739854012739 -0.4776627685958762
-0.8334438601836054 -0.3296989494958635
1.7746072137285467 0.42906063637958125
-0.7200547014099734 -0.7043586835372367
-0.8306427176779758 -0.6076450285725753
0.6336818709298389 -0.4655111360525136
0.5551212174124356 -0.32488440427174586
0.2686702411440914 0.7925684588711049
0.1018230374097027 1.3806870372240092
0.02326175439445278 0.06853360230883818
1.2608622236698876 0.891782274621868
1.0135916906089921 -0.8068270838028697
1.0443740759127322 -0.6187441626504364
0.9756384189946177 0.7757640444570297
-0.08677295032491292 1.3693150560702305
-2.0819520527328597 0.6535996162004711
-1.3734193582437615 -0.9815744305666015
-0.9741086877824272 0.6562128572008857
0.6869913637377019 -0.40064980768498043
0.2503719454529402 -0.8542146793022133
-1.5075378241364956 -1.1204876373383383
1.4321805267875762 0.3012655968803112
-0.22604255389957212 -0.4859205239078336
-0.6680476508920403 2.0552838675563603
0.8233924333143978 1.4680518763473007
1.2272776846600484 0.23368656255493211
0.17350570439687688 1.9412234490139586
1.4058973937324126 -0.5401851890180552
0.9008445202267489 0.3245856085969827
0.25569036091087877 -0.5822817687267549
0.6573601654106693 -3.130286221429756
-1.3887881978803838 -0.786266517054268
-0.800572152394163 2.1072690007185617
1.2580941635674177 0.7209297086525823
0.21355023473173868 0.7780524615021458
-1.954437652665672 0.7968210619137748
0.5744793887500251 -0.7683467597524684
-0.4668889489169224 0.028025325170590455
-0.6865639879515345 1.2423917660790675
0.2643884161683672 0.9488908462831469
0.38455319059710086 0.0877909834492653
-0.49330685482045333 -0.8045611032189822
-0.3665389871856624 -0.6752595738344871
-0.2500841023861189 -1.4312837831639642
0.5688317366084858 -0.7938691240042471
0.12439289873343522 -0.5736408598147114
-0.1624756996576701 0.6703154161582499
1.4317532638399042 -0.5511909702011349
0.199470180146415 -1.4315834499334008
-1.0243544773659672 1.074814530207564
-1.0727152437286993 1.0110287222774914
-0.2116209287408326 0.8504958644005988
-0.0837468742107524 -1.8278869560666497
-1.2189007334085085 -0.2556496672806142
-0.2930006461587391 2.340965616997397
-0.7240293294148589 1.144834630233718
1.084271988229175 0.30310758235651125
0.06658889546991244 0.36049064566436306
-1.1905223393644668 -0.6953455641127487
0.7251441418529042 -0.9764487441555969
-0.537514732873955 0.6783627967698885
1.1861037904233331 -0.4716068277272606
-0.14505293840795097 -0.4939198084749314
-0.11544970490921738 0.014485194563487376
-0.39158396214872626 0.0033892734041262003
-1.34314661134144 1.3997717393720437
0.9744642273333998 0.23705222144407392
-0.161215481549975 0.1377122646550774
-0.26100597204498116 -0.9305301866073662
1.1270276173104985 0.8342982425108787
-0.23759085941426403 0.07375222741595068
0.9650753323058594 -0.19768338446592384
-0.036543098184663 -0.682173471144214
-1.2950109866311499 -0.20594190695729603
-1.9665801031014778 -0.2049327138383059
0.5392781746336377 1.0834254220148696
1.6939438278964942 0.12073530000385475
-0.04233574471316148 1.0720622844475947
0.7769078795004316 -1.3292440630524114
-1.0215406303398804 -0.7105163562191303
-1.5309825179618626 -1.150123724047571
0.4115241071701768 -0.7028605078196616
-0.670731037934452 -0.03647592090156378
-1.0148510526914756 -0.5862592777282422
-0.42534194853454516 0.3550174884900676
-0.7409711824104921 -2.370246970480034
0.002705274626490546 1.9309527244446307
0.7331474115296193 -0.1478629932271893
-0.7710016197390075 0.8443413766968574
-1.2553186610607565 1.011301749113753
-1.2467775797489546 -0.49302800886145887
-0.32760901009187915 -0.5520940160151103
0.649613021906491 -0.30015294013862054
0.8265613450895303 -1.0747052326194144
1.5185864550852204 -0.2549732726869003
0.3081120094278912 1.7616354500664007
2.0316908105116362 -0.5361267648936396
0.35193273785068263 -2.921831868860312
-1.7049376920993966 0.9532815812488307
0.7593588220380075 -1.1223936709791025
-0.037577601505598704 0.004555147251854748
0.10228218181975035 0.9084743052829414
0.010674399428035667 -0.980227551213272
0.27695230219215017 1.1035375320351433
0.3518646420156852 -0.9095697606364825
-0.5109382989317943 -0.7881648779569845
-0.8223285311829879 -1.8835834386775139
0.9429278338940974 -2.765940651613663
1.1606334984347537 -0.1430034979667277
1.14111151731466 -0.084991332832049
-0.31831662186911835 -1.8761649257955708
0.09567865109277421 1.2764685912371645
0.9684442924985407 -0.3413409955269394
0.9218008669539028 -0.3870845101977699
1.1995723538648546 -0.7800575223950253
0.20789006078375757 0.5980743436312751
0.12673154527572392 -0.050331256892462276
-0.1909186546396021 1.2981190771222182
0.1660197752774691 1.364354675329089
1.6172073808870342 -0.3123055969986835
0.08854422351425709 1.4472395299819454
0.22958874728068315 0.266255402115318
0.8372904127210828 -1.0314473555422479
1.680905239240013 1.108490407860514
-1.2414906974085633 1.018159791117063
-1.1977090670564796 0.8260945424130033
-0.4743016911637582 -1.3180781607909278
0.6955911569941401 -0.18746456141522647
-1.5559169239356196 -0.14232819771226124
-0.2358636898430886 -1.4049265567804614
-0.736327622773966 -0.9100328408167006
1.6787812769961148 0.20505561749665455
1.069658627949602 1.4512540117383725
1.636376182728672 0.6124822608887579
-0.5611325310828662 -0.4457595643419395
0.6064869272725658 1.1566985848344025
0.5447259526478244 -0.5118678622276502
0.015168145002742299 -0.6360833633689494
0.8537690448873511 0.6403539664331224
-0.6428015914034547 -0.9908530468016944
0.6094092553589185 -1.502885013477434
1.6060920810668204 -0.7443983067100508
1.6112593897381609 1.5762385887131258
-1.4622677828202937 -0.2066255421107391
0.29926585089107194 -0.4026937527456707
0.9737140397053277 -0.27396579732876675
1.8013074418720578 0.14149432563823888
0.653681816130763 0.5555125582208275
1.0402192445600076 0.4222313657776724
-0.35582610563162576 -0.28577225850012733
0.8885574432476826 0.6869810333564759
-0.42396010852496585 -0.08240171058150526
-0.6395005493537071 1.197704896148314
-1.1964505887116315 -0.08895106136898519
0.05932945060193126 0.11633428918710352
1.0515075781185441 -0.692249159793274
-0.19062471272288273 -1.4656288756378368
2.3986938020027417 -1.0705611913136226
-0.9429793412473457 -2.8341097543747753
-1.3358581485758214 -0.8672681426653476
-0.0885313334189941 0.08338042530195476
-0.9274489309802466 2.1951658460614647
0.9655386987962248 0.7654555638441143
0.0848264546138018 0.5237242379028157
-1.0687543813441516 -1.4767503111127245
0.8406709855473843 -1.385135605262228
0.1815899975096753 2.122907121417968
-1.7690234560722824 0.33577589896346455
-0.5682512106239166 -0.15998773825197027
0.17081857609313972 0.40704551147865364
-0.5447514123735008 0.36692210683825777
-0.929228162906537 1.7062575353752578
-0.7575006829496177 0.8052979832082431
1.0853632625023861 -1.851337723612764
2.2851367182019486 0.5901037561708327
-0.9468957903239995 1.9627894829190087
-0.1133025421735266 -0.4360897497240672
0.4331395934583683 -0.6365255568672297
0.42169457521203413 0.8210343030372846
0.30059048288115775 0.3844532918408416
0.3302935291285823 -1.21032870647917
-0.5755200620519865 -0.01590770103199969
1.6534486424139918 2.0964486971829794
0.32694186188853813 -0.9911298142172426
-0.18518892362703457 -2.3988860633811213
2.1019624180603373 -0.44261169976858633
0.178907423157805 -0.8759936858578331
-0.6266042050254412 -0.6355562137138447
1.3718020204830619 0.3006041660327709
-0.6415759302867765 1.195506608332629
0.27826602004965595 -0.44678481561927796
-0.9075313147979287 -0.8246540793932221
-1.164801105273576 -0.9605399635147815
-0.6453156136218907 -0.7202146487794465
-0.6714317861001529 -0.7619174579378123
-1.6486272699112514 0.430371109649873
0.9061581879988782 0.18346561700755043
4.062995305621963 0.5725233716400432
-0.23116226619984304 1.2516937388397142
-0.1383628574291197 2.181910998709788
1.0734079717673888 0.31085491397041176
0.3240965176119537 -0.03866569182313324
-0.14311912876656044 0.18313197405318257
0.9086346803768703 0.3941263807470551
-0.6400114308551083 -0.3127696029974286
0.29496393691067035 0.15693999705464887
0.37399207555802405 -1.1086543355272436
-1.2436569341126578 -0.70139592745263
0.9113643791865813 1.216865519860134
1.1222361378972683 0.4258656135496766
0.08580205499225595 -1.411836600657236
-1.1244647279418032 0.9982102944614563
1.2396964082337476 -0.7538098263383309
-0.30213868764901014 1.528660071894462
0.7396815880677078 -0.36741796892015116
-0.20660242439979065 1.979148272268655
1.2903232884358478 -0.6357306369155222
-0.01957397267535788 -0.16190125545267456
0.24984412399991235 0.06562714755918819
2.241203587030079 -0.7704043386862373
2.035083188338226 0.8460695477579188
-1.213681210652178 0.815942446445965
0.573258326303467 1.1497242635490534
-0.7291235944951197 -0.9927972814646139
-0.3463462503453849 1.905769822177094
-1.3003380662017805 -1.5260604911966575
0.6045152113635396 -1.244373797947211
0.9912979153393857 1.165881175454361
-0.5265377721735885 0.06419869890017589
0.6351284715108926 1.0415026946837755
1.9376013512595092 -0.03725939836968532
-0.2137801882080068 -0.10464039333387094
-1.0284899058278212 0.5066476356110605
0.3469117546011342 1.3899474313060824
1.4340348779269403 -1.3399586162965524
-0.5970928375392712 1.7696560929107252
-0.24695687042757572 1.0331643473135814
-0.30523928695718183 -0.669647568222859
-2.1879869187630385 0.15383659284333617
0.6355481032764474 -0.9585434741981367
-1.3544436215989917 0.15401434424149724
-2.0091891482041895 -0.6533916346713078
1.6007074553928144 1.1542606988678845
-0.6232643556586486 0.6663342925612218
-0.20991653981780647 -0.8243383129613656
-0.5979422346214628 2.004565387475064
-2.1101290938013766 1.5646416147068283
0.6912450167000797 -1.066510736500346
0.7625151613325164 -2.278793964636422
0.5303409448533942 -0.42135671989521906
1.3722920191740753 -1.1264595504423185
-2.012235096830282 1.4022149491841749
-0.030372194633437592 1.2309593100780556
0.9704739487567073 0.4464105199244844
-1.305764055170498 0.8312339750574347
-0.124742106085644 -0.655993781229151
-1.3004802298578486 -0.7368364775276373
-1.3001391215705977 -1.2484174111437298
0.3630037030333232 -0.7475145341718106
0.7181471080097476 0.2458153778846586
-1.282318577324276 1.6241204298123917
-1.0635801975837307 1.31889325157163
-1.2895906693906025 2.1178575994868263
0.046139715593007974 1.1857026027721413
0.8175892354242977 0.7322636035314022
1.7872373833619537 0.5866869951757592
-0.21087275371645137 -0.5155125379370862
1.3049133747135455 0.8736817825946969
0.5324590065930529 -1.1711062042957208
0.5280409449824028 0.6540710866207124
-0.04477541557129866 0.5821495768531492
0.14359997570188524 1.0969340445714624
-0.06740768643077437 1.5459773433604918
1.3720002067501802 -0.7428838935603891
-0.6009897774541313 0.7422475531912194
-0.013430114566576204 1.0729487974594578
-0.4454762474683507 1.134297821760965
0.945522492517698 -2.002786140003867
-0.49321449951337265 0.5527396792452401
0.035364620898869874 1.995441309874999
-0.8137083794792245 0.7667998422876354
-0.6668015382285276 -0.7342857685894083
-0.047298694359911644 -1.1317965743228025
1.4298360334449898 -0.5261121630894048
-1.342399223818169 0.2782975857889747
0.3721343710334125 1.0277796847977676
1.3363824163214166 -0.1204675102205083
0.8202025918139705 0.7668465477394066
-0.03783109888965997 -0.6895280708330281
-0.08936652587597257 0.25393077343682846
1.120605311496804 0.5497633108901884
1.4842664267322982 -0.2966620219032635
1.347500664154975 0.5003259957595922
1.1699875753983735 -2.786580237663787
-0.9979806605972483 -1.2187551308740316
0.3830180170256465 0.6158101658584603
0.7053047804490229 0.32295370469816764
-2.0442260204940985 0.44874508282972964
-1.280468319751144 0.13309763890034243
-0.333901523794095 -0.0225684083606801
0.10464066308598975 0.07029346028300797
0.0741022833413914 -0.6089713936886006
0.8104292566190228 -2.193131898319894
0.56135897320126 -0.6624164611339537
-0.042982876324646396 0.40627546720186924
1.1515040125783271 0.8349781667710973
-1.2385263472754877 -0.026312149216511482
-0.08381693832207768 -1.0908181112613962
-1.3227354088133219 -0.6537932650596469
0.719529773205575 -1.4366873954186723
0.48440142386679125 -1.4421112814521289
0.29566002508041106
2.994354690061275
2.4795006575073266
0.8813277324599407
0.2417260408452099
2.938324825784605
3.2608034963451678
0.2179534504104968
3.4460765041787256
0.6837433527700005
3.394294356543566
0.39192142002565583
0.30700595771443234
1.0555915489738774
0.1103831886593738
0.02295312946984783
0.015517710180915464
5.063305114077851
0.4833147688029288
2.0134108217120215
0.31966488093824275
0.9727490027745584
2.5645077047924087
0.5365551496938581
7.3113358048467
0.8077649552069189
3.1928338472301143
0.8724006777789597
1.1225013488374038
0.537218777874352
0.18627517587371822
3.219130775053644
1.863813018698866
1.284933085626944
1.616170868485956
2.369784179212675
0.5038684143119737
1.9422170692006917
6.167981183933779
0.6405491480288331
0.803330065376425
3.333323792707847
1.0145999280969151
1.0591998051804192
0.6182533313340428
0.4137094421604718
0.7003484604737427
1.9166646257057502
0.005237963862933832
2.385049172407527
1.6783380584294378
1.473561549252563
1.5536801772906457
1.8825532676887085
4.761716808175971
2.8497690963408537
1.3795030495689522
0.6324774022481991
0.7923688294052732
3.5281628366302513
2.14190202117319
0.2872139917283044
4.670479440099804
2.8331514108862357
1.5608199247832693
3.7984527084599056
2.2683475201380623
0.916876666930835
0.40442961885429346
10.230814215141724
2.5469476944124936
5.081498412578428
2.1025405692202974
0.6509693356035288
4.4547503428666975
0.9203833113207198
0.21877070947166588
2.014907409972979
0.9702950727639645
0.15558841317339936
0.8906702218257936
0.5903263211822243
2.1111153262144207
0.9537977306202965
0.344537429304268
0.4757211101186571
2.353728894147487
2.089219526890861
2.2045283696450104
2.17289707139798
0.7681266328436542
3.348184263098674
1.5510757502844887
5.565969398613442
1.834864800435304
1.2675199509404573
0.13438758661141229
1.9008488940571195
1.4792861764266272
0.7490981720980243
1.6292552016155684
0.2649971321446937
0.013538455225167455
0.153349486586303
3.7634037419026303
1.0057742860440502
0.044955099327820415
0.9340105456306853
1.9662448076373202
0.06188880752602268
0.9704491175191672
0.46669604275787974
1.7194655245365917
3.909434719115752
1.4646315947042865
2.8840227047356484
1.1511098570154135
2.3704756323899403
1.5483787518901102
3.666692050921898
0.6633649842347237
0.4512106180542444
1.3736225998714362
0.3069531903169589
6.167108994232581
3.7285857425509468
0.5593685917986847
1.3073558580425175
2.5985561685679066
1.7975309508865558
0.4121354660130739
0.5120888657043414
1.8381949942157632
2.3711161913529644
3.198292469284343
4.415199457552749
8.660958121858823
3.815558307089488
1.8363933732608961
0.0014328255013996538
0.8357872080771314
0.960959994960717
1.2944976622997468
0.9511258757651344
0.8822618201602639
4.224110783657778
8.539540588181229
1.3675201181196155
1.3093590216047337
3.621320300543667
1.6385264686899241
1.0543980229003211
0.9995512563520144
2.0474635704019333
0.40091119788265495
0.018594119988347892
1.7215630710780352
1.889026245875525
2.7128944987122052
2.1023423366601053
0.12360293203350309
1.7649388824897376
4.054193407623294
2.5779485119995424
2.1169392023138522
1.962292132194796
0.5189900194750496
2.4411347900533014
2.0294503101333996
1.3703381394248741
2.86035438225964
3.2503077869337456
3.0528615313050644
0.5135713066417795
1.7057780091104278
0.5587350718695846
0.40483211777757916
1.138974784334492
1.3949836462670149
2.6300430042521787
3.1336606118983408
5.080684909567736
2.1809211833267343
0.25172230800994866
1.0231762892252554
3.264729144331477
0.735894119081061
1.2603354029994713
0.2082780011772325
1.2614772701423902
0.186532215527259
1.8434579708813372
1.4394063025470785
0.017053650549395633
1.58487708607522
2.184405782204111
6.899833220113211
8.921388137861529
2.536671024398623
0.014790092320479958
5.678914611291148
1.5181871990930178
0.2814826047692325
3.3230274090138487
2.625328350906369
4.539709573362686
3.242189442458645
0.34850551476652775
0.19486503435340652
0.43138593376954976
3.774779755763507
1.222312126428401
4.605464778461514
5.5700722639216975
4.749154191990781
0.20301173587738336
0.5927746919664174
0.8519236415271777
0.2381589720059869
1.5739893931117541
0.3314763967764458
7.128989553020885
1.0892292896854496
5.788949282518312
4.614151123710098
0.799372803723758
0.7965645305458435
1.9722036480376688
1.8408557248903283
0.27704864938222773
1.5036674379987398
2.2793986363555225
0.9351413815006988
1.0313388560960592
2.9031911671162893
0.8547822943013714
16.835713864580192
1.62017320916519
4.779879886606695
1.2488354513933313
0.10653358845235691
0.05402040493951485
0.9809525863843499
0.5074394561843721
0.11163388675335512
1.3689845082635526
2.0386388168136307
2.3113467250746167
1.440775470006619
2.000644579596274
2.260844716354061
2.1050764388718792
2.428089401978648
0.6821248156117753
3.9597124453918737
2.0690876313929154
0.02659515692344784
0.06672900879403904
5.616516363583071
4.857397263100169
2.1387841570023625
1.6504909908696654
1.5172676581330116
3.7519143402492205
4.019739709204769
1.913904789787471
2.3419504722350544
0.2813634984660013
1.4881160383573284
3.7556872591695467
0.05665158078731802
1.3144833130599984
2.0523016272748142
3.851945124498306
3.488202543816752
1.1284162644112812
0.5415988879289173
4.810952453975822
1.3227269835061237
1.858237942322331
4.46376166151992
3.8945821187011163
0.8324598464776543
0.723598607905071
4.375817308607162
6.900748174979409
1.6152648241832035
5.774331304525337
0.45880300318884903
3.1520965046715705
6.015296848631153
1.516183293274694
1.1411020375146848
2.3959696890650877
0.4458884340420013
2.234176822866459
3.248907767885178
0.6905496672140041
0.5761604687473416
4.282108104284943
2.870682245733435
6.148364906283405
1.408019535575634
1.2046621429384823
3.538419094794844
0.31022049503029486
2.4661187727441414
1.6550023354419912
0.7066362259311085
0.3409029676698831
1.223885251161489
2.3945897423739133
2.4342610466339805
0.9121201428227182
1.151399489946968
1.485080635510153
4.90516510644847
0.5487816955423577
3.9830366775669725
1.2501033249670481
0.9837998813368687
1.2832006521369834
2.3212250906883143
1.8794852223635943
1.194815070587432
1.8004303836717963
1.2607859193982007
0.4768801525099167
0.07246721364536679
1.5579959621557908
2.2910551807643973
2.066084141930926
9.133900347524934
2.481329467957898
0.5259249617408828
0.6017539287025157
4.380232172228999
1.6573140993671638
0.111999560647953
0.015890838929634436
0.3763373067274445
5.466623103412285
0.7539194647748038
0.166907282907237
2.02315002996841
1.534639842091954
1.1969094310055666
2.1770745951658994
2.5817937666841546
2.314329687535676
