3
3
0.7762480395161983 0.6097067595256321
1.470630459162732 0.8880534271777851
1.1453451795870797 1.0226311654959575
4.732836767615461
13.059984193715039
11.71265675896312
250
0.9544165813213723 0.8255666960936093
1.2583179199549157 -0.9649338417933652
-0.6321402353080299 0.6724979646540996
-1.3710567510302656 0.3454636393781222
0.7884502684682021 0.8911603337974446
-0.32099665783765924 0.09175160292673505
-1.6338709210598512 0.9026059440427973
-1.1277572884167977 1.747764096618365
0.8288117615960389 2.4666250719499225
-1.3507515882902013 -0.45998188765555076
-0.3705101482504919 -1.4378886226609946
-0.42654240705991586 -0.4222328013462587
-0.44599300592749064 -0.3920701954531611
0.3343904757939693 -0.9034498793221621
-1.2765563419176111 -0.6291796064181985
1.8672555345318056 -0.004485817123043324
-1.3103709877787546 0.35365352315934506
0.2722350028689309 -0.6651545975123082
-1.1353466433290833 -0.5587235210096714
-0.7841252053668055 -0.9916708227112243
1.7050643076827439 -0.5022005271010122
-0.3298410529889923 -0.11331866723498485
-0.346912399502132 2.137838720001449
-1.8499239536490122 0.6074126027659537
-0.3166233290411255 0.6847281702856935
1.6153008300256066 -0.4687179282957617
-0.8285736660910534 0.6509846709003937
2.045022110381074 0.5548857394827792
-0.6318172175185919 -1.3535170781272081
-2.0349874867566387 0.06705825530281087
0.7960220420191119 -0.41119858488743605
-0.833606855831053 0.5559580474784537
1.0527435409212096 0.9799321455320769
1.0752242080258103 -0.9476062358901844
-1.974920021884117 0.4897577927947413
2.1164171965848633 1.5420971374285424
-0.38618786977927094 -1.5312062407002593
0.22780725722050435 0.6490783551306594
0.1060336442508498 0.4813515020522478
1.4093261009178248 -0.1817564438648041
-0.48884051801050293 -1.2505632499573072
-1.2991910339170654 1.7045477414326327
-0.5268024561993252 -1.2019651008860224
1.2005596995771162 -0.055625468865953764
-2.7897511687110685 -1.230817574833397
0.6177182406442278 -1.097549556413407
1.766674128330748 0.38118983437395204
0.6418585309055023 0.3272948464238705
-1.1215720049400966 0.7461796433511166
0.12084386472739317 0.5973532464307443
-0.13518824631440865 0.11259669887857834
0.9325099660990601 -1.6940677207358563
0.9278214520928502 1.2004696855033903
-0.22142333727811092 -0.6276875780153087
0.2915630507225087 1.3423717833217996
-0.2756081577833597 -0.5462900048764673
1.6216992341063063 0.17018814941315635
0.6032197137068176 -0.06946043992223416
-0.46151382190801205 0.8879163050104767
-0.7286269295378126 0.09963805723950987
-0.24096136929610482 -1.5138494035478327
2.297248146074362 -0.010342990512797563
0.15849111222323248 -0.44089854615735113
-0.15957223295286227 0.6077354777154101
-0.4198661548226543 -1.3066206354783025
0.6693401724172319 0.7263929455298064
-0.4386090323144206 -0.8684466622646888
-0.16048247051392497 1.3597584479417721
1.6642036915433804 0.21151471463515747
-0.31889854780272237 0.7171939050594164
-0.36766830874499207 -1.1370579289537748
-0.7709879579668143 -0.4740928486082961
-1.7891531534867295 0.7203167555740341
0.030414362102564957 -1.3088099712269927
0.3322158944331041 -0.7541518347643246
0.33653257408039666 0.9099112057284333
1.2155430512099374 2.035755791193327
0.6268184221384149 1.2740883722296354
1.4201614093987565 0.39849153152657185
0.8620820559447746 -1.5651648716053994
-0.2571316187524595 0.6344511303199013
-2.4131404862436927 0.08984693140742084
0.7803692793420824 -0.008661292928457071
-0.5949187714420555 -0.05228878336271819
-0.381819894565733 0.505739555548472
1.0547853387921404 -0.08636620398737417
-0.13529310227207184 -1.7295247681431771
-0.37092062188949204 0.5790494777727441
1.392128124706745 -1.1381584894939083
-0.5942654816321609 -0.9620283590074326
0.34636915890963377 -0.14539563533975292
-0.6662954676125845 -3.0298493149504364
0.7247981956999487 0.4019888240750209
-0.0026905932095057845 -0.3527480323296367
-1.2933338107534724 2.4628745259665688
-0.23160242556670604 0.0025107811932880077
-1.4960085273336932 1.971782459425948
0.3142610717914814 1.3804170711348625
-0.5075225191323667 -1.1946546194021774
-0.36877528149716526 -1.594038067096928
0.6634118412702701 -1.182703807961564
0.5754730407275463 -0.24059443503949346
1.400933552833836 -0.5135022290275209
0.978167364060811 -0.31003161644388894
0.16428290897296705 -0.3673845357463135
0.6173074117649446 -0.16487424152805638
0.5180859433812043 -0.9133429103846639
-0.10257213155868232 -0.7215968362127009
0.5493092772123399 -0.5640946033184003
0.40089181940638 -0.797868578872415
0.4251031018755467 -0.35489975744545327
-0.8695208518416734 -1.1836687491543156
0.2057694774470549 -0.5549127967483329
0.12929862214589904 0.030020448003383507
-0.9229275978364696 1.2777498011340518
0.6029388561242756 0.17798987088724313
-1.2937623712036013 0.5709954604195059
-1.020888238662169 -0.22244105377990242
-0.5857581819558575 -0.24840375167495682
0.5453209698939515 -0.11543081788713824
-1.1255290901636217 -0.958820379602304
-1.0884174442680237 0.4171002157890766
0.17281948963203686 2.129222069816883
0.14550959123027574 0.5083974352147199
0.5260835457677209 -0.8270668588620117
-0.8549193941265686 0.051589524110034424
-0.6890779867290089 -0.7015658628509445
-0.43415871973602965 0.5449538400252899
-0.2813350383158684 0.966626365231571
1.817857726668642 0.5740648768778331
-2.411504366176838 -1.1032021664482088
-0.11787773815668777 0.7737227032363733
-1.5036900732161118 -1.9534422752331693
-0.7549278708359438 2.4742348022925724
-0.8794336748158241 -0.5044374260200756
-0.9983223487868477 0.9046211729003897
-0.1802501516451915 -0.48450823643299057
-1.646716233843793 0.3589229109101
1.5310246011097557 0.20758831140080178
-0.2552253888941373 0.00912759603326675
0.05514776943434674 -0.7832902176782225
0.16933885899312912 2.2271155185046383
-0.3690329902766349 0.07997318357490986
0.9356701276608244 0.3355631875105035
0.3406567974868272 0.16389069058098524
-0.07483904589665089 1.674156899705766
0.14321102499603577 -0.08696219376734347
0.4959182930680968 -0.7431847084692507
-0.2936427875812445 -0.4073129874910244
1.4838636605258428 -0.9566465585993065
1.2255468827411107 0.6818891356512888
0.7719790841389075 0.3460208039582505
0.8698525671203102 1.0787835220186757
0.9453570944665927 0.14307193246435415
0.568155046345687 -1.0444473496550464
0.3533357332539604 -1.3109105287717226
1.4046336542493052 0.234340595977413
0.6018605079158047 1.29534654916093
-0.08342402995006767 -0.8286194318940397
-0.10677805606871625 0.595272922437092
3.027767189055566 -0.2814415816837474
-0.5232197617359355 -0.18096127396287992
1.7229596027224328 0.6960111209779145
0.3698630355487152 -0.6497630691606959
1.3453069524627714 -3.029917167201729
-0.09612292843729617 -0.21303725523643627
0.044442701552699304 1.7636329364761687
0.48959951150149555 -0.42069948039101457
-0.6930486956249051 -0.5635213781490159
1.8527735383372916 0.1430896832324019
0.06969532713146581 0.13171364082714954
-0.5269079020141454 0.8172664032120933
-2.345969011721061 -2.531798179043441
0.4507639575485261 1.546564527400153
-0.8048763925225002 1.3846340717969547
-2.426787954425017 -0.19041287479486171
0.9458945559714794 -0.4460245387108189
-0.25019842724240565 0.5073076866165622
1.148488722083354 -3.0050606304880243
0.15293256852237738 -0.7305529920440517
0.11992397630153717 -1.1968382444025594
-0.218423979257178 -0.4792644045207898
0.9564989247494244 0.9001196723618697
-0.14804776525106803 -1.094470750869359
-0.4304131184958116 1.0780326057646996
-0.19323562252462045 0.42433472844989867
0.7495622947780729 -0.46128920908659243
0.6356852017519442 -0.8112133378860408
0.29455781124571134 1.3955190560516832
0.9119310143043748 1.3822804558507509
-0.3364416037322685 0.1357346164710431
0.27897780180333837 -0.039543690159038365
1.7670836184949237 2.6730684575873545
0.5663868385080234 -0.6216351719443068
0.6335400661503574 -0.8889012848743292
1.7784711713185102 -0.32186071328347543
-0.35637718230097976 -1.075982803356066
0.5770694186023657 1.45649375584878
-0.6703989196432028 -1.035214087684712
-1.4157473370876419 0.048420860183856426
0.8290840884226857 1.0187127816699977
1.0771002004616295 0.48176724557400136
0.5927883756234533 0.47496849219806464
0.009830805779694408 1.5519171303708474
0.23635787872230316 0.605243324061431
0.2326014236363638 -0.32813262419720224
0.5164817362590255 -0.25888563405976417
-0.5224954888352386 -0.48900924927724676
-0.8390308739118749 0.8438493216633477
-0.6290843671220037 -0.23366948781295083
0.17396916635935986 1.5667544264171929
-0.051812977382781386 -0.690383958531499
-0.6062469519125695 -0.8232841126566932
-0.5674756534959703 0.08145277611913444
0.8274890945530226 1.743961506635687
1.3944962400783836 -0.36740375441064366
1.388587274509039 -0.5199950524248926
-1.8028196098378795 -0.22934671006513807
0.4426478684969745 -0.9631555612387005
-0.5142859525880364 -2.211570022937897
0.6965145598441977 -0.9992314655605435
-1.5301540623196794 1.2875078532108784
1.2737159695835027 0.7879531045402103
-0.7490004421641098 0.1779847706233358
-0.66488725219639 -0.03547770758071218
0.3227561184323102 0.4444646063186659
-0.04484992764486288 0.23641040922532633
-1.5183788041406694 0.15651234365226033
0.2936951666207361 0.4177791115059835
-0.4375256810609523 0.37440140295593566
-0.6580560098034279 2.0112903941767684
-2.4046786485455343 -1.4146529614695003
0.15248815258110934 -1.180844519933117
-0.2707668644201811 -0.7265620194260362
0.6029371460284269 0.11222271138478879
0.9480870576610746 -0.07432410781408633
0.053341198890315904 0.6268295348986007
-1.6654789336546199 -1.0386209630282208
1.315835960068271 0.4055887483943798
0.4524504297582837 -1.0391223858511904
0.477034511880438 0.6316553913677442
0.20718641987586026 -0.5664528621227591
1.8760381049552326 -0.09108580521543451
0.711592476041773 1.7925237387218884
-0.522033621153094 0.5654975292930156
1.374023024709456 -1.2118784287081417
0.19030768465567138 0.1384937823373535
0.522616261178646 1.0298427457113375
0.9502929970821767 -0.6765990256999193
0.13735742713319918 -1.0924363736073557
1.5924713804000934
2.514461306717769
0.8518547895591979
1.999141740678045
1.4158205663815528
0.11145721098257254
3.484231676906356
4.326515839005418
6.771168181731889
2.036113190239665
2.204801461134534
0.36021896355317606
0.3526287994989186
0.9280386747489465
2.025463071222632
3.48666335379492
1.8421429400552864
0.5165425353788076
1.6011839734480615
1.5982633583082912
3.1594496627541693
0.12163624058080046
4.69070260566576
3.7911687042833027
0.5691029996758785
2.8288932677872847
1.1103153618868624
4.490013615828812
2.23120147713495
4.145670880860358
0.8027353675937066
1.0039897406445886
2.068535972798426
2.054064675822695
4.140171788441938
6.857285331265437
2.4937336223240716
0.4731988575414514
0.2429424022410709
2.019235463614619
1.8028734941925593
4.593380345433582
1.722240931605588
1.4444377850352526
9.297623485843538
1.5861908536078664
3.2664431655432495
0.5191042901917946
1.8147078224169477
0.37143414066360203
0.030953878539918468
3.7394402793132495
2.3019801127762936
0.44301998988610036
1.8869710172051648
0.3743926260646679
2.6588724121016556
0.3686987757187253
1.0013903725155981
0.5408249448981644
2.3498023981151825
5.277456022094841
0.21951096065742315
0.39480570840354035
1.8835450730232843
0.975662977726998
0.9465774884264709
1.87469766009127
2.814312401453807
0.6160633812450603
1.4280807190520504
0.819186460431367
3.7199252349922114
1.7139085742053075
0.6791123903923845
0.9411925757273489
5.621846550721933
2.0162025145828544
2.1756539294438553
3.192926546489516
0.4686449061264606
5.831319477431776
0.6090512301360737
0.35666246147967795
0.4015589299325535
1.1200312321220391
3.009560147143112
0.4728804054517751
3.233425462806573
1.2786500261940377
0.14111148501961754
9.623936521466701
0.6869274391711193
0.12443841360424945
7.73846327669315
0.05364598755058218
6.125967581154966
2.0043113115240825
1.6847787670854248
2.676952567597424
1.838903568504394
0.38905490277618127
2.226299358671867
1.0529309953084858
0.1619602712861545
0.40825195613938675
1.1026083166791205
0.531223036204671
0.6199434035244867
0.7973085200188448
0.306666485059053
2.1571382195120115
0.3502692898438907
0.017619360987151826
2.484439905146305
0.39521565836290734
1.9998568889620485
1.0916928182454588
0.4048170715744251
0.31069923392417365
2.1861522531452566
1.3586251229982307
4.563453198591969
0.2796409932729073
0.9608034861554124
0.7335486494516389
0.9670231317122944
0.4854684816811376
1.0135159337449895
3.6341571972736446
7.032408328145975
0.6125419826563376
6.077020558956817
6.691753947040657
1.0278607051698239
1.814986978546965
0.2672383483395212
2.840500010780865
2.387129236233523
0.06522331214551014
0.6165848415839811
4.988719181929278
0.14258105800362114
0.9880812406090327
0.14290721213309343
2.8084022076231436
0.028071820825244176
0.7982584643020998
0.25212995647734726
3.1170240011090504
1.9669379551157156
0.7156821031198604
1.9204173759048122
0.9141696139174029
1.4136704228895205
1.8433325548386714
2.0279112175728056
2.0401587534118
0.693569731685511
0.36575140544461
9.246583515022094
0.3065059017452776
3.4530212731383765
0.5589907111104375
10.99024883644842
0.05462448949003605
3.112376288344856
0.4166957344637727
0.7978728381383486
3.4532444418104364
0.022205921803905387
0.94555631102418
11.913572623363176
2.595049982837268
2.5650375200210482
5.925556838630001
1.093654400148681
0.3199603418948215
10.349415737661738
0.5570960446993679
1.446803543356572
0.27740340415520737
1.7251056176196449
1.2197843653043738
1.3474097516651178
0.21739996758112684
0.7746313681727046
1.0621627552906219
2.034237739969245
2.7423174334771656
0.13161683883048195
0.07939231733041677
10.267879493701551
0.7072243378333418
1.1915185096690326
3.2665540259663812
1.2847436891827646
2.4543831747125577
1.5211029187996639
2.0066851021716934
1.7251561572135001
1.3922445207424425
0.5769931268551953
2.4085434242807637
0.4221845281550374
0.16177444134020552
0.3337751554116637
0.5121315817318713
1.4160544850490167
0.4503485704920587
2.4849847035416377
0.4793145948228912
1.0453320968562
0.3286631720481924
3.7261399382311966
2.0796052823477855
2.1985694734748082
3.3027584590337065
1.123605770629951
5.155532007386914
1.4835960538412283
3.999047926513102
2.243222466126598
0.5926802409358735
0.44333372586844844
0.3017202982554981
0.057901397599835695
2.3299703065791726
0.26079623690711096
0.33160513212322307
4.47832676174615
7.7837224041652044
1.417646416933673
0.6012070629403765
0.3761271390114581
0.9043931419067937
0.3957605493202523
3.8525535832889988
1.8959265066329078
1.284486724165526
0.6265504589689458
0.36379505758804187
3.5278155951557646
3.719505205840758
0.5923065572507171
3.3565885983998367
0.055397542585108706
1.3337038373426133
1.360843021881506
1.212284293169042
