5
5
1.2963474139481337 0.5094217257754186
0.7141664698012108 0.5695745383179492
1.067184676982896 0.6652239589236539
0.7635094181933461 0.5950954961596244
1.0421410035143719 0.9126693539618126
6.603875368179591
4.067710373191843
7.09916815725223
4.543610160423154
9.511301564145768
400
2.8841786433909955 5.777634856329305
5.775517532400357 7.882325889837586
7.534244417716149 0.20378145173829187
7.912577939751667 8.639572261203902
6.172752913336069 5.226176468754396
7.454005742396276 9.265202096538856
0.8380198485931678 5.080230030675722
5.220990612289272 0.06801022406246693
6.054506356513267 8.418659539549264
4.705272260683204 4.686829784651537
1.7992090782330372 7.8181192614698345
8.612845023758803 4.803909171322216
3.787483190137708 2.9076033506528507
9.61077082426926 5.80229396568808
4.1962531397076175 4.740962858022368
6.029104397198838 1.7360589180909691
4.481652129138638 6.779754042278773
6.210899495140892 5.525255729459223
1.9299397542792274 3.349815421452803
2.186211990313607 4.856144063945446
9.728559056847146 1.4035724338199806
7.786509890195522 1.5224432414617595
6.367600481969211 3.870397280131167
5.575366343366691 3.6513189972555917
1.7992907834520533 2.470758880299263
0.6288444428708262 6.8121718364362405
8.454104298880624 8.09385226844441
1.387100288953449 4.652437301250769
8.439939923280347 3.0788506978004513
8.981325876597964 0.9333697551215503
1.1622856251837121 7.095339219899218
8.673031289747232 3.4166062847724343
9.75592683268389 6.850392145224155
2.646314643422536 4.166570995405734
0.3288874226448646 2.4892955617019075
7.740726898529207 0.3142917882268015
2.1132037027529336 2.5939799922364393
5.517857691953183 9.13545924979237
0.34806155843427833 2.2552513373454772
2.5486115142160037 9.41718663920549
9.816060825459171 1.3550948627015535
8.49433759487842 2.1574024735302757
6.771616374836057 9.067939032526787
1.7933527591321419 8.428463026724977
2.361561953926964 5.338851615189883
0.37975557707056184 3.6848335298064616
2.6690485970546094 4.41985286396943
1.5004534414990611 4.451602469556805
7.500934346289516 8.174578541107941
9.898236648683243 4.165608467148338
7.47205156334875 1.5369636547367727
0.27615667400204047 1.2698378862407589
9.755099379836018 8.392460868410312
8.155890617336157 9.496558646625145
1.7743261153759726 2.1771871826961817
6.29119746200387 4.577873959100537
5.578020011979015 3.323349620532597
8.51862414600386 0.5472063838779562
5.5313874435586445 1.565619978072289
0.8571709968942598 7.919826093832878
4.55427110565272 4.141927965522688
1.3155226274390819 1.265341966606296
1.7412520813557275 8.346123250943986
8.775542954211703 6.344979556303461
4.365145930814743 7.759132670450068
1.2611229605011542 3.2892371536930853
0.6983560346757778 7.734302242011358
6.929061818098336 7.56219008069211
0.8373820778777186 7.718227905176873
7.50272481251711 7.346637992033807
1.0004703941339022 0.8743355620912518
3.266106991691511 7.054127899733719
0.6004850363734648 7.162722000870309
7.609758128786105 4.277898822400745
3.064682188263619 9.26320701164816
3.9473097445921512 7.66301519120703
8.643416679576385 6.027176703240494
0.6116930791074449 7.738112264700334
9.858812966842214 3.5256480125594725
1.082931424647744 6.873563282110915
4.395167032637328 2.3611777275736365
7.836332293931209 0.5813351807007439
2.391252450253499 5.02181953469417
1.8485929220121378 8.431248722502513
2.1049032927849654 1.0967747596537292
0.6018394430653529 5.389358618436507
8.052771712998466 4.707016026023831
9.023917395774363 8.847975531212105
8.771997114463147 0.9682778888912891
9.772570422486266 8.759067564190444
0.44087107386744706 0.7697315924428583
1.8878698640075775 0.3019351741805598
9.416362098961525 4.083950738463946
2.510097891439459 1.1042460670218168
8.244991397444313 4.732271200221135
3.8931791520712675 7.409372251078419
9.108251767663013 8.616288218644566
0.16688010142215215 8.030379432612744
7.174596102481186 2.404891338508196
2.0061335663404734 6.16376199193506
2.6011226168150356 8.698750282529568
7.522500122932726 2.2790335853138552
7.8785991265418716 1.825462916770938
2.6734992945418643 4.106068724072582
3.5496334155852027 5.873067840300178
1.429363573546939 9.076486144668634
6.900608879744099 6.802239183643293
5.556200095796142 8.980822538846933
0.7656316076774616 5.735895765996627
0.7171917704556086 2.77881411392233
6.408764330221375 1.920081554071561
6.728975959030751 5.664949727605217
4.586922876560507 4.957060967652386
0.006915388978024906 1.6554244151019082
8.901246315648022 4.5645743487482
8.03304890085618 7.506107878887676
0.987043425374462 9.744617353676249
3.052626003600899 5.780203818467678
5.017437166880672 4.888830168750513
1.5188190624741482 2.877813104427563
8.424045247310106 6.522606272449498
8.246992135574853 1.5524399222872742
6.944976759746837 4.238439494256145
6.033451663644481 0.03147802518833731
4.382051197600125 8.819270226826323
4.468922913228896 8.15498415428059
8.164826147253281 6.471592944795282
9.014852530662887 8.791436869821855
4.205882866244007 5.889254364513532
9.799159496451422 1.8700597677277808
4.630318463648778 1.773717262690796
4.522926919879547 4.320354641865224
7.806234485577269 7.161776877549998
3.866055101231601 7.186872164298013
4.326194867363233 9.659433689318211
0.6772532578211354 5.648203332451644
8.519845700531153 5.072431604390159
8.52508417511024 8.858200095581742
9.371439839390858 8.461434133827927
0.7626616980371392 9.604516985504976
7.161192941873834 7.408758765154429
4.133360955005202 3.6910635859936414
6.376997675037464 3.9593748426081756
3.2304440199610074 1.7546950888235158
7.780024985786069 4.446457326256498
1.7053637407297162 6.449645907421559
6.017903732612089 7.513858376789822
3.1128784065224737 4.731474130392185
4.7951152758443785 7.006534169048967
8.199385017706176 9.305778991420656
7.2062669344138985 6.684017584708137
2.7774145995782495 1.1620250894243755
0.2915529824432095 8.875714612028673
4.292606681006551 3.7636987597580807
9.134872969993975 0.19760281218065057
5.063205569370743 7.733809178471192
4.331439372867294 4.433197916642355
1.8966973985621705 9.676460170026148
7.443044311944015 3.1098624099448124
2.371739736755055 2.317479268244816
1.6487147306295635 8.416230160348576
5.5199285616814855 8.337056617894016
2.646287899134144 2.6882295350712493
2.2176226179293312 9.453473715893502
5.1456864242800116 2.3624901857165814
0.2963911766356342 4.241732100858677
7.508106612524406 5.532514928665119
9.603593306649943 8.82478843398147
4.229155314474989 4.572794571214908
8.846783598968605 6.730246983714954
6.453683010628991 7.447604901986643
1.0374959408894535 8.181084057639994
7.951949453495101 8.196738192576195
7.680894187644399 7.880859406953479
7.549060291859826 2.48367297624665
5.159018748071773 2.6208927646883753
6.175148879440516 0.0013923315793418212
7.266114214023412 0.8824140943097014
1.179479227976118 9.655477518056177
8.161544660377526 2.480798129183807
8.288071203598994 3.0497904673187137
0.2325623153943268 7.809804673425806
7.1533208791099545 7.632752123964673
9.704943291024966 6.824532322381172
8.818568574574718 4.85979605817434
4.062852324241936 9.562739015886304
1.567611567376761 8.70745865919394
2.8231025554634126 6.0945510686187845
4.326424454536952 7.201519766389114
9.912543755332168 1.9181033265664271
5.896421599755074 3.532564546554884
6.627321192138104 2.2702283462538597
6.187300420344654 0.7733454041064691
5.945647929816687 5.448391275309402
4.474172381909229 7.952775599083296
9.597097969800734 8.429693701579835
1.8001740289795942 5.343462587458924
3.7611632964654307 2.9709555820333797
7.1284490063834465 6.126554710961099
2.851815569927285 0.03037937452952555
8.289474720967714 6.502575055093194
0.061064209618383325 1.0467566162742559
6.848185386860671 9.84322975623969
1.0671725461697001 5.183369172650921
5.625419119844281 8.093354946730884
6.974441807534783 9.563335636455383
6.423458355364313 3.8494596011245
2.9020247606958396 0.7281594711137263
1.727552967212398 9.893972944565451
4.605179120414896 9.075053618255112
0.44315326565181556 3.2818241648602275
6.113606489954311 0.7027795928166314
9.598218579673329 9.13274202141494
1.8988668501217076 9.938088127566804
0.5096634857746762 3.0574143453556046
5.989980649348792 3.283690295900005
7.305212395650007 2.7357643706364088
7.832130172095759 3.5902839964573587
8.338426783873402 6.31193637901405
9.021556233390147 5.110216492005019
3.49245443900012 6.121155408028638
7.301944732336455 0.4548447609493711
1.6964190746591834 8.043579837133684
7.129594650598255 6.7960729647988405
7.945666002016891 0.6638868512815732
2.706384811669534 8.31546452218285
8.153550738218598 1.8625481049481818
5.11361290697543 8.311499402578196
2.133046509762122 7.042071985728883
7.589519218960707 6.434463403106382
7.541668278757159 9.388277572414545
9.080053268336965 1.0431337418922426
3.9052766774543626 0.6518604946796558
1.6111314030212398 3.2604948623659724
1.9603669126347034 0.9074975372722449
9.207145321556826 5.013961544172432
7.709346939714754 9.300267612041935
0.5924990493524929 6.934643367297058
9.55175091930492 5.874748966150185
0.5146004582075892 3.1989121072141624
2.827549070226476 3.557156577255687
3.6790839589442137 7.698388933489082
2.9876352775799364 0.24744001234023316
0.12605360734329385 4.32577742126938
3.824783136197194 7.789305527378022
3.980583567845235 6.999594378914499
8.722253330908353 4.084601471471984
5.491302398579737 5.697810616647095
9.691308370960321 7.213106892680345
8.175283791002892 1.5472300761410684
7.987975765736666 4.845143357799115
9.42685543204071 1.066428547943965
0.9252637527222896 1.209697524338187
6.631612854838736 6.505851758487513
2.946889352994835 5.41747374484257
4.071709185838289 9.894897039008095
3.8894166533104677 8.877508014004803
6.0737883334467355 2.753942738554611
4.30627086277393 2.807489385282701
0.3182826390103821 7.83834786792982
0.09480471911655575 7.074852883268081
5.153681018059935 9.998893522962614
9.712189969409632 3.869938718310454
6.6738159784148205 7.197605466002839
7.019914793670365 9.285348985156363
0.9576415661563009 7.223732892205752
5.636028113928396 6.8402985048904865
1.6518851523413514 3.423089743011911
8.62739663888079 2.1804332792724157
3.8677691957114524 4.264133141289537
4.582166663392398 2.296095045584279
2.220306153444368 3.7403266680170932
4.671541486679725 0.5394616342623426
1.211154798612093 1.1837518936281333
8.062621847838296 2.508989228703089
6.406790486060885 8.102406462043135
2.605511024490159 7.6648073530172125
0.0169494331372122 1.27543483862259
6.59891326422838 7.690323677536477
5.588417563720234 6.147584936030304
9.655894847565929 0.9783065824702386
3.775448889010203 0.3009886629455738
3.260324662032109 5.853769627020499
8.362940363435673 6.6528999643822395
0.28770058200650817 9.998486818129834
9.706501230394252 3.9185562405474474
2.8741057777271117 1.3074089902645525
6.911429633911622 1.1027175842133219
4.927253938846957 8.783646817006996
0.15412487708210243 0.47239610316218816
2.7714844772763483 4.388783208124632
7.3263118478541625 9.653608099122422
6.470456446172897 0.1496779783943547
0.937776956547669 9.617031643872936
9.524643456133562 2.426773166651693
6.663497229532752 1.0994860261914141
4.125036870839512 5.0645062586177705
7.10210704464263 2.484083289393614
0.044880305064508574 7.085374580926524
9.856445994826803 7.900965331269395
9.714191849774744 1.0648432736589553
5.496599601489636 6.804833805270567
2.234259936977856 0.48284704744605667
9.458056697253017 1.4712152696989556
0.10159477307074449 2.4335523760250686
6.200945183029881 8.80562143166994
7.572990058428833 7.743211319168209
4.344558626775293 4.589511344094538
8.534447770919254 9.079456370885595
8.14128776293794 7.06066177301362
3.821831248362585 3.6374867520978893
7.439960932191493 1.385690504454139
9.629382159691481 3.0765815068456903
1.5791203566128031 5.324953281138924
9.51804768009983 8.783837605068967
0.20400098979741932 7.312927636263147
1.8638040230096353 6.996899263856033
7.500058141141789 6.623134672290625
6.865011521948724 2.9049312363875535
7.961268886151293 4.168920453063107
5.2173840179109074 4.545743257523202
8.922044217668034 3.331633400159685
7.94394667691266 6.869550797555367
0.5672966817814484 5.161441955412207
7.948676341581526 1.1469777925850533
0.23868686539262884 8.587837993626625
4.508765261771584 5.648134328439223
1.9059333817003188 8.617978890497554
3.986949684671819 6.6407636063620075
3.834374096484099 7.956142365531704
5.788019142971324 8.62120836019045
3.335551201032003 5.78595477286325
2.461335429102931 4.21766210839435
5.428960785375963 9.546507641016722
6.744683447765563 8.40609765215733
7.809828631486053 4.994706428116747
1.8016005147016678 6.111193680293752
3.523451648639344 1.709818657115435
6.207828208597213 6.054667678901796
0.8746415281343678 2.683407899095255
0.9992888987037429 6.502095351399872
9.777456205784238 5.936602544799322
7.837166985228223 2.5721087233955977
6.294270722408396 2.2068037784707406
4.2134879217960695 5.012502743421093
9.308412942013476 6.028702759742316
9.363709881296169 0.2619463294196178
6.790930885500551 4.7641750128484
0.5635630288386695 7.7609767207321205
6.04855506655941 9.29233534370647
5.464405227167259 6.308175528926695
4.88092626466285 7.330148156131491
9.711459306895543 4.2977320730533854
5.758245332131834 4.799851716508537
1.0768058700682726 0.3772678648137384
0.36874216150134087 9.541699656342754
4.104531619412198 2.0684393568475166
7.676522463564877 8.70926404195758
9.513204644965024 1.413187689812504
5.904791485808531 1.9087192723637891
5.376980533083644 6.094601885489189
9.337702997635166 4.074637734526649
2.108767050550604 6.966037286767987
9.516162226673918 6.6492928902290895
0.05934597155796695 8.177340239559497
6.630655335842453 9.913563831058838
3.840293911155647 1.1471179268772569
5.774363804837347 0.5380840409941934
2.2723027043922595 9.578206054740384
0.3666931221783998 9.393258550413092
2.794790333332149 8.133670149606843
4.226344152707702 1.2852103523125313
9.283026039281216 7.6208686828619285
3.1882019961477304 0.756838332466242
3.211232248822901 3.216168800338651
2.5070017503828868 1.1335913376381301
6.5218268401162955 8.077676005369396
1.3560234908441127 1.5882987915660718
7.474544712559046 7.700514519870292
9.305394325828525 5.25604768318054
8.990390340228027 4.870614547417941
5.356011909759686 1.6068481038197857
1.5087017794855184 7.451020305652553
6.3581442742368575 1.8091802537568202
9.518880504517849 2.23839263539775
7.100278022806963 6.87611036199494
0.6642363893471048 7.403787095036435
3.3694592170546422 1.5788451676575144
5.355109002832304 9.92090546031772
7.7870196207018685 4.810044865724573
1.6266260650557973 6.37668649781392
3.2866242928886424 0.606240274296671
3.72499708644366 2.9514797586129515
5.70142942920406 0.5166483996236526
1.6623990020504975 5.447572230393096
2.023020049036195 5.28310312060059
0.9743342047640047 4.501547747954629
5.803260575569364 7.897214199756565
6.858695738711454 4.133365603416038
2.232720694187418 2.448162555960062
1
1
1
1
1
1
1
1
1
1
1
1
1
1
1
1
1
1
1
1
1
1
1
1
1
1
1
1
1
1
1
1
1
1
1
1
1
1
1
1
1
1
1
1
1
1
1
1
1
1
1
1
1
1
1
1
1
1
1
1
1
1
1
1
1
1
1
1
1
1
1
1
1
1
1
1
1
1
1
1
1
1
1
1
1
1
1
1
1
1
1
1
1
1
1
1
1
1
1
1
1
1
1
1
1
1
1
1
1
1
1
1
1
1
1
1
1
1
1
1
1
1
1
1
1
1
1
1
1
1
1
1
1
1
1
1
1
1
1
1
1
1
1
1
1
1
1
1
1
1
1
1
1
1
1
1
1
1
1
1
1
1
1
1
1
1
1
1
1
1
1
1
1
1
1
1
1
1
1
1
1
1
1
1
1
1
1
1
1
1
1
1
1
1
1
1
1
1
1
1
1
1
1
1
1
1
1
1
1
1
1
1
1
1
1
1
1
1
1
1
1
1
1
1
1
1
1
1
1
1
1
1
1
1
1
1
1
1
1
1
1
1
1
1
1
1
1
1
1
1
1
1
1
1
1
1
1
1
1
1
1
1
1
1
1
1
1
1
1
1
1
1
1
1
1
1
1
1
1
1
1
1
1
1
1
1
1
1
1
1
1
1
1
1
1
1
1
1
1
1
1
1
1
1
1
1
1
1
1
1
1
1
1
1
1
1
1
1
1
1
1
1
1
1
1
1
1
1
1
1
1
1
1
1
1
1
1
1
1
1
1
1
1
1
1
1
1
1
1
1
1
1
1
1
1
1
1
1
1
1
1
1
1
1
1
1
1
1
1
1
1
1
1
1
1
1
1
1
1
1
1
1
1
1
1
1
1
1
1
1
1
1
1
1
1
1
1
1
1
1
