3
3
0.6194570504911137 0.5182896893127966
1.2893635605976428 1.1180065942514408
1.4326206835849935 0.7337101216774177
3.2105820224166064
14.415169631356818
10.511282960707309
400
0.9245932119913887 0.04356990386402864
0.6107836739075339 0.10915405981254768
-2.4448316918652755 0.7864524435335857
-1.1520190604704996 0.21924760380925695
-0.47134459961744757 -0.0042584861275627535
-1.109860975467997 -0.21297943463050384
0.11877259118274322 0.19777776597365998
0.428644074528317 1.4262096708945844
-0.15349870844154465 -1.5378595681669973
-0.9120963035509416 0.4918995483374122
-1.1710250085986424 2.6828503655873566
-0.22416850707078312 -0.9701202929515316
0.8068929670591192 -0.5254788554907095
-0.8536762989248081 0.5783137114288017
0.5930467537043893 0.12758166775033164
0.10217741272457034 1.3665903927278975
-1.0184414063603895 -0.4193384674400155
-1.596908255828228 1.392767699861357
-0.7157471249848221 -1.2063722543449409
-0.6457943579604327 0.5512094757708799
-0.7488585733128591 0.4896960925992625
-0.1849642816447923 1.4063623654079949
-0.7122467245740398 -2.2048434702053146
-0.6714501601927144 -0.4946170253316255
0.6433286827163945 0.30732580757672745
0.940078861944912 -2.083573922799238
0.008381155474624946 0.014997251100266052
-1.4317070008023556 0.38174384321363314
0.9465560148523334 1.520563076114645
-0.11596474537923923 -0.396614971470657
-0.7882292150821765 -0.39298068756768706
-1.508588498648803 -0.3787031891409386
-1.561209558027567 1.8285207189294659
0.3725872555552077 -1.216299765006523
-0.12624041336153327 -1.7329609043060974
-0.8442082769340883 -0.6215152858733755
-1.1552371921668392 -0.5125333563249409
0.9783530948992537 0.5864630473641262
-1.0747454308143913 2.2377374530990206
-1.2093595131375074 -0.14764216901859778
-1.497328112190474 0.7173826248608244
0.01624918106238015 -0.939607776817431
0.9910374503677889 0.19096506566537386
0.3838214728208077 -2.101869706600753
1.171354085868293 0.23302566611080644
0.6881253588855322 -1.5323479277841288
-1.6233458127224718 -1.361570182686935
-0.07754204444410163 -1.1923463959855263
1.3544005778853403 1.188769182571308
1.4834633995396913 -0.557862565777171
0.17584252887641444 -0.8835589288722854
-0.029821384346547512 0.7476022671724782
-0.9659281579913244 0.42466542997315954
0.9298762643447493 0.6945572064124744
-2.112842128047219 -0.3407304780177834
1.3880898064129026 2.1171043370176803
0.19164459691156666 0.9120691489765361
-0.919034833902265 -0.881846657678103
0.30907440820464105 -0.6930859585546979
-0.46636594802417397 -0.23367870474850772
-1.1011837564962668 -0.41355919276569136
0.788752355146474 3.0206760380678035
-1.3595836934976642 -1.0055846483592676
0.14153250970119557 0.1319897878680501
0.12343151165091842 0.9569724994122891
3.2762425038922247 0.5663014449615544
1.0680800458895072 -2.6340568393312145
-2.5916994855548463 -0.31208916350169413
0.46840554995009254 0.9556438567271266
-0.44474726970734946 -0.4206401411307575
-0.02862418983273837 0.6164441928767107
-0.1309821697452159 -1.5681492710580582
-0.6332380714379884 -0.2892967365871346
-0.6416965409382442 0.5350363968801561
-0.29285947426501496 -0.2932284109419199
-0.43264103077333865 -0.03448877093590011
0.5330908934649811 1.876257356874413
0.305163778351323 -1.776751970772688
-0.4486403035353814 1.305068402498373
0.5366032782716509 -0.6341073596681835
-0.13651884314927332 -0.22225602954878948
1.2757846334065392 0.6037820936908539
-0.08492423820123478 0.09637292639445066
1.0243647636641902 -0.9025111698454699
1.7060493397340306 1.3090234225781676
0.6632526775319625 0.6821204135544922
1.444636613739196 0.09104685773623347
0.9987921092943379 -0.4527300277356954
-1.7422015019675903 0.17518784716389826
-0.09835287990671164 0.34463444535145343
0.047473163179924144 -0.11409201732318108
0.07993394893367085 -0.14180020779894423
0.5534678416327582 0.47741354462784485
0.39037165480405067 -1.5534678457906972
-0.7562223908101475 -0.13443100080870463
0.9456807075959063 -0.2508568255988304
-1.2719282069770939 -0.9240340982132059
-1.7390355775567743 -1.0001680970649296
1.8496429163085135 0.12171301285255941
0.38677449250846574 1.1699603688117624
-0.3927160590396124 1.1901034101631547
-0.9368802913084585 -0.5003779778276081
-0.17832480256676064 1.2013120804158808
0.8809206690681328 -0.09702622195259065
0.4760199008427811 0.080702044023098
0.5642542842604017 -0.09535399966577512
-0.2927004219615891 -2.568525169401304
1.7996680583403843 -3.5876274430851236
-0.7333422940320121 -1.8538822981143075
0.16465865608365834 -1.2762281932023436
-0.4925964110071654 1.1173918323041048
0.7021103840135717 0.9678240522298519
-0.1317800290186603 0.21023151839455395
0.9846719255521726 0.33365442336797935
-1.6807604783689114 -1.0997298217258988
-1.0383186356555343 2.133116265700987
-0.8273528663298845 -0.1826912930452273
0.6883944179437976 1.7383001079751337
-1.6817870996125486 0.5953981398626437
-0.5205132500349963 0.67262667110652
-0.5784207261686978 -1.034184353914047
1.2321202799564284 0.09667534029326419
-0.5406742852496353 1.4633047019682355
0.014907679766179346 1.0129518971639568
1.2203264595430912 -0.12146518025976288
-0.40482628101019663 -0.22270600313094346
-0.7000215409339658 -0.06172175537166541
0.6025430423492755 1.8318453786664908
-1.1060670684414515 -0.04678450848692194
0.05081736680351225 1.2592443925130699
-0.9334999884873675 -0.7477664780978027
-0.8654390014738814 1.9951619167441959
-0.19345332682197702 0.06714508509461473
-0.2316489194061443 0.10853831497836339
-0.37182630038004527 0.39049333714380463
0.64912928926373 0.17418117903496644
-1.8297938568649468 0.5593291071614825
-1.8083527586093797 0.9282434912191652
1.56255499311548 -0.2961353531710536
0.20196362829868922 0.9911305808385978
-1.11945347818379 -1.462115626122809
0.5884819175038599 0.8553369182290264
-1.6101475171039081 -0.8508126938898357
-0.3042608934885763 -0.9013500658321336
-0.6283139239635013 0.7259912300989053
0.5436154027791698 -0.7355008119434308
1.3416561920368146 0.5506030142597869
-0.9798439606269569 -0.24509803272927688
0.7112720072184134 1.6376601080590654
0.3384332096375679 -1.0700249513442124
1.5463113815780338 0.2683548459240503
1.649020114366669 0.7060820554323546
0.45989801528380553 -1.1759523856089789
1.7850439527823199 0.2692313214364931
0.06721055678731754 1.9234671232718192
0.4229739508798736 -0.5211207480306383
-0.48684669641694994 1.648096408103032
0.464615758513826 -0.6203421777525864
0.38160865637967895 1.7163560462679086
0.3921038810043495 -0.026112907632875052
-0.794311449244544 -0.8069954770874174
-0.5114422358272703 -0.48366328082923615
0.9536666199073348 1.3114909097057517
-0.6798888029467124 -1.071642010988599
0.469468111661002 -0.7696307304695277
-0.9946586261991534 1.17932014508685
-0.9214205979711401 -1.1351450836609311
0.009085960250355104 -0.8948042544795646
-0.6239752162083096 -0.08128233546026722
0.8679360978622835 -1.4486652609353254
2.08696876923732 -0.6396765329566861
0.1325891596387828 2.1274793109392665
1.2550534787773264 1.0414639255898936
-1.8481490174396182 0.4628149975915733
-0.25164293513126473 0.19056580495902664
0.31385209193333863 1.7961147094881218
-0.4152697832405553 -2.117712920303333
0.46468139433751865 -1.7990081724595506
0.9472805416686673 0.710113764147123
1.0396053767583449 0.15228890244711205
-0.7745346959147806 0.5592698438202605
0.762351256493556 -2.730362344501882
0.890722962846609 -0.5632473773717254
-1.8885869255346062 1.4875650728657075
0.02452789474445405 0.37613839238137137
1.4892069699109967 -1.5847154963794943
0.4937804798896719 0.5737048312642818
-0.393913046609509 0.8185102225174591
1.2509089029476508 0.9985339481576059
-0.37910668479085247 -1.7991526593045595
0.09843358390724082 -0.4547602972514931
1.7228197431715024 -2.021517592403839
0.6524465864596559 0.6635907103717226
-0.6467036689228151 -0.204899317729482
0.36571543275217455 -0.629909791469101
-0.561723970370229 -0.801635039983389
-1.7258445907724609 0.6858402827277706
0.7606461119349037 -1.6829948456285422
1.7190460460967296 -0.3141666794009341
0.6888870889474595 -1.192111995511297
-2.505240352337524 0.15700030482492075
0.798363333641453 -1.5684525760086763
0.9373858531901471 1.4050431089527493
-0.6762178521747155 -0.7154474298506733
0.5124708795683972 -0.8512518322724064
-0.7100868359162771 -0.2571628570375034
0.885610081614749 0.6803558155427455
1.0453742969349022 -2.2025808401599267
1.2994892675507639 -1.251772322830311
0.19794826449406164 0.8714329164814874
-0.22400287330360527 -0.38690891603829086
0.17097106622017202 0.7992233022401116
-0.13791254187629526 -2.1608790917355503
0.4329752929175368 0.01434371311710062
0.4851248046315934 2.035629559464722
0.37843704320826305 -0.6143711617201025
-0.4551571990706642 0.39888266566591374
-0.007647372154041137 0.8919859309294584
-0.8365868656169259 0.6505412661885287
0.026289793298895223 1.2010168446365765
0.06556452208896099 -0.5281773185742372
0.06612940513187937 1.1572022451452677
0.8821820718935703 0.6788348577689494
-1.3054013859706868 -1.0533217554265588
0.12253890821468619 1.1300603007449534
-0.7688369247814504 -1.0514712071363927
-1.7234316853076392 0.5755359843527803
0.5648603633426864 0.31854857732809416
-0.08962593865360063 0.9995087951388106
0.6051178361670111 0.6460843736604819
-1.1349963784747437 -0.9479832455891191
0.07409913057774367 0.046012648092154905
-0.48019821409974595 -1.036863698498711
1.8306436314299448 1.4304377928253276
-1.260989562068661 0.28921462166422474
0.9371138837760871 1.356480545260867
0.25670677159197824 -0.19093129608013445
-0.4623624559518528 1.863593541622254
-0.8928278938539355 0.24798195719404403
-0.5025002716496423 -0.7392962463237137
-1.48434894375826 0.447907957411896
1.9795002746088257 -0.6346784060167678
0.2949342510333229 -0.4118887754688178
-0.6027437227653845 -0.14699887584892596
-0.6955268285935569 0.7862744612980477
2.548489108434404 0.5421331507232701
0.1415974807890796 0.1894803767312483
0.6103100991441641 -1.5549292915297923
-0.6488085957220422 -0.008883874297771648
-0.549633994334263 -0.10762298422514639
-0.864855197791703 -0.4813483674207574
-0.8449715924157095 -0.8568572450652066
0.6517842490508956 1.6320783689487446
0.09957893417437634 1.1842153786270604
1.0227894397989892 -0.34399323893964784
-0.3793609145299353 0.12468820173143243
-0.7244457827323236 -1.4613941532990091
0.09679504547833574 0.49348089231114756
0.25712802845423616 0.5632591843811163
0.5276161067344003 -1.6579534549238577
1.8428637262555965 0.3210462136853867
-1.0369111350422673 -1.289921798974857
0.5832478131278241 -0.8008688676564223
2.9822875914618416 -1.0966993276872923
0.17139200847928307 1.6028366975155777
-0.2815867777299023 0.5216818393625524
0.3582642656998877 0.501145576988102
-1.180825115392236 -0.044223867714326154
0.914581231935016 -0.005957714244039404
0.693600155307323 1.7349779869604995
0.5098459972527143 1.8612260708313384
-0.21602170656131559 -1.084951320100772
-0.4893054945929648 0.22908434883882703
-0.852566483020384 1.2112901685373794
-0.7837839680816734 -0.5584020159986162
0.3977732108042658 0.27897376196513674
0.5661655337681676 0.2130141293459625
-2.3147611002714115 0.7266213869748952
0.5044771719798526 -1.1920770881411393
1.6461296383816937 1.1337696278638272
-1.4475194436762124 0.3153581841990845
0.26496477615903086 1.2995912714866358
2.007087498432483 -0.6836622083602181
0.9650345900991351 -0.20591406836308027
-0.27049577415235565 0.69276505641433
-0.5844482119630151 0.19757237912122222
-0.9070180912623905 1.2785570382336338
0.06567613700806926 -0.19902014120032088
1.274699000529259 1.3549259192197205
-0.3499933498885828 0.036298675658697134
-1.671159168333757 0.9768280338469082
-1.009444438695447 -0.8274786764507152
0.5444308226550155 -1.1320824000294039
0.5714691892160896 -0.8095414613481606
0.15626969978834282 -0.06197699767366878
1.3567395937203228 0.014099058764761734
1.268906246099247 1.1509597794644297
0.4837141229741438 2.5326609642074267
1.2085196797562074 1.6403075871090087
-0.3278539198125153 -0.931957371791493
-0.41366302119092796 1.7869909093486946
1.1937836477387176 -0.9598561375184622
0.39516947657130924 -0.9980996727876266
1.647156998478399 -0.30459811617725946
0.49932896384940867 -0.05828168181600565
0.33552781067516224 0.1125501566271051
-0.9936422242888046 0.4034047344003189
-0.09604428320700668 -1.9733288854637598
-1.2616234558398143 0.046033089507673396
0.31988781666881266 -0.3841940329917408
-2.0508326786276005 -0.7874061312516235
1.4083586020358143 0.07601501106348804
-0.08868361895690821 1.6566974322651422
0.7211512170810082 0.22231967247809137
-0.19080687756982045 0.2933271020391907
-0.6419348961472513 0.4386300768732828
-0.05468976184143043 -0.6307294353158918
0.3211668150489222 -1.0441065427471345
-0.2802646830318287 -1.6827033801004525
1.3529569398347738 -1.1372992912123263
1.204806181736631 -0.8542551134851892
-0.7033788303786025 0.013368144978904966
-0.7435734973180845 0.5235336443333738
0.043885089594418676 0.5588643929434319
-0.20460651971416627 0.601525313021434
-1.1380353716073672 0.281595012370929
-1.039850250165639 -0.8894432441922469
-0.9112701033270354 -1.1954357364941914
1.2771238332974864 0.054618615649861896
-0.7426544524121603 0.11560120380818731
-1.0534982970891509 -0.2882472591749616
-0.7103109407039219 0.3020321457404759
-2.057859861729472 -0.9257571151094866
-0.4110837688915574 -0.19278517067448828
0.026892475965336195 -0.8462529246554822
0.6490312375709646 2.10405955536996
-0.2340574012969245 0.35657893926892553
-1.811207770330565 -1.20031071197231
0.383066574219734 0.17237092006854862
0.9074890475777968 0.6533424994439567
0.23597340788074953 1.139601743902886
1.2893660896382613 -0.48247717772047855
0.3902618281164314 -2.440790223139062
-0.5056689942272373 0.9387946328205619
0.0454246932490782 1.0230780734572524
-2.686904061347014 -1.372197738035574
0.6339467755672809 0.17439993490307745
0.16950523161889766 -0.43699002375964424
-0.013527373715353732 -0.2937254707172594
-1.95108565405237 -0.5576006909101244
-0.17766002908530953 -0.9306468061068651
-0.9964613337857179 0.7328853999328748
-0.7282511396402307 0.5464721154066532
-1.2339947908607003 -0.8207486116276043
0.37549566379737764 0.8350502004250658
-1.840228613240884 -0.6072074897249128
-0.2431304199334161 -0.05775321344104395
-0.43457484476688074 -0.833004585073865
0.8424669394674603 0.014016093456378814
-0.8269269422523475 0.12950214520727635
1.904950914936602 0.9695648975698509
-0.07452264014887769 -0.6461909798727058
0.8172224161174207 -0.04079400500203101
-0.6257853672753024 -0.49856391063830546
0.9654649859624675 -0.6337045036588781
0.35674910317045716 0.8608456897234257
-1.1888101160790985 0.2573909266475702
0.16282150074459795 0.9443119940127064
-0.4556038750769664 0.8349935743231471
0.07476107333458903 0.8680046059822196
-0.16056709373995265 -0.5393440944037737
-0.08309309726312356 0.10110926070661465
-0.5149572801609552 1.0364852005751204
0.33765101235414513 2.157224922105021
-0.3294177443897364 -0.12427477705458773
0.6447366694563511 0.291730034278052
0.39298609267478596 0.9463279229417909
-0.9100797363442353 0.26144718126463445
0.3390914936360299 -1.3541477535261948
0.29900398129492567 0.13819878052139084
1.06019517934455 -0.11484780633672036
-2.3837369766540504 -0.28008218397650547
0.1408648599334845 1.0632076367894152
1.0899458919976799 0.7903278471656208
0.03168317597036565 0.3289151844595105
2.231889405293335 -1.064648476851838
0.13885038350994264 0.8580490414048858
-0.03751441162007994 0.5478221242612703
-0.11043708916690669 -0.08378462835906524
-0.2027982198049146 0.8801819651050055
0.14086716397394927 0.6915197643296687
-0.9635966385350678 -2.194392727539617
-0.29557834869287253 -0.5274542608930844
0.9312926079258068 1.0466510125693411
0.9850956858034255 0.053520065147282206
0.8837204500169163 -1.3894499876523454
0.2920916304566592 0.7155077846535748
-0.814540109420251 0.2613613736850803
0.9716297157533991 -0.8480015389987586
-0.9556720826394607 -0.3582317087331613
0.8567709441832736
0.3849713050855459
6.5957094474887725
1.3752174274634337
0.2221838662926306
1.2771516244423027
0.05322297312979486
2.217809767981476
2.3885739048960057
1.0738848326058417
8.568985654895664
0.9913849023587091
0.9272042878572947
1.0632099721725137
0.3679815340252706
1.8780095251672764
1.2130676484642688
4.489917843309448
1.9676279629773332
0.7208822389531357
0.8005914259311563
2.0120668883203447
5.368630124773462
0.6954913193707277
0.5083209460082991
5.225028558444645
0.00029516130765426703
2.195513297977991
3.208080357696362
0.17075125776554184
0.7757391163102361
2.419255363720967
5.780863303630962
1.6182063813570848
3.0190901378190977
1.0989688654182859
1.5972634115112312
1.3011136842225655
6.162546650058504
1.4843486420887053
2.756629306008095
0.8831268101409933
1.0186228843360683
4.565175186524269
1.426371355546729
2.821606681325656
4.489124990065717
1.4277026966762445
3.2475730948073998
2.511874300069346
0.811596975751593
0.5597984648457741
1.1133579338148014
1.3470795799712467
4.580199116701329
6.408924084486481
0.8685977840401797
1.6222785535838051
0.5758951357527335
0.2721029345294268
1.3836368714922396
9.746614004706112
2.859668304640582
0.03745275540377188
0.9310317026998345
11.05446227087554
8.07905041725488
6.814305869400442
1.1326589401243456
0.3747382622426454
0.38082278717499995
2.476248465111084
0.48468305691846886
0.6980383966386077
0.17174957265030444
0.18836773682928595
3.8045275699206504
3.249972497262286
1.9044816571559744
0.6900352218372379
0.06803513720560828
1.992179247497969
0.01649986717589027
1.8638495807326305
4.624146670465182
0.9051923728410689
2.0952644760594925
1.2025501556021962
3.065956855252049
0.12844618990864798
0.015270689639180757
0.02649673512395446
0.5342503443157471
2.5656523767800423
0.5899439983410454
0.957241147668616
2.4716403783646577
4.024580962394706
3.43599297534791
1.5184017726453363
1.5705720299095742
1.1281228009370683
1.474950449763606
0.7854353129378402
0.2331077659078772
0.32747528255847885
6.682995082864489
16.109875790588152
3.9746704954777203
1.655870874147795
1.4912157310370648
1.4296423874142963
0.061563267374638624
1.0809040752036423
4.034361466440169
5.6282905921476925
0.7178888739788127
3.4955741400425415
3.1829067933750848
0.7233606821458332
1.4041078143421384
1.5274665057007257
2.4335893335325505
1.0262937848840703
1.5039504578765124
0.2134822816271065
0.4938397328577237
3.7187156092253
1.2255731501250295
1.5882788448444531
1.430576934272707
4.729655739298482
0.04193265211085371
0.06544178768037676
0.2907398440080167
0.45170791731004634
3.6609946087387586
4.131775678560898
2.5292742539078623
1.0231291354290275
3.390958193970279
1.077912210914548
3.3164572669199597
0.9050066324820584
0.9218416532269341
0.8364791505082049
2.103205016942689
1.0201672328248832
3.1878384977805405
1.25949043388477
2.4630932121286886
3.2178192065894407
1.594370197681432
3.2588674178071693
3.704243033251229
0.4504737971509418
2.9532414762142136
0.6006922205581994
3.0915032441843113
0.15442733744371615
1.2821723784405163
0.4955033298104977
2.629488428166301
1.6106653840880019
0.8127317691496059
2.3801417872800563
2.1375702793250757
0.8007572085084004
0.3959518885000822
2.851944108213222
4.764624710587421
4.543748103728335
2.6598063428961805
3.6298525126587142
0.09963949282115969
3.324531185250533
4.657157005692329
3.4523592028197125
1.4016019826552797
1.1039712491934062
0.9126867533825402
8.036057970551118
1.1106350046583684
5.779610421310213
0.1420817078438375
4.729060603696799
0.5729563957360528
0.8251264726547656
2.5618431290969115
3.3806721699357793
0.21649609839709016
7.054641243859736
0.8660391790745047
0.4602093658042372
0.5305341231417566
0.9581525562176637
3.448916444910671
3.4110541580139264
3.053820011046609
1.8956964311604318
6.30087831869536
3.0974274956913463
2.8528383757766274
0.9691356084797196
0.9872560843527358
0.5703560495812813
1.2471892524005166
5.94416977813175
3.2556063046836132
0.7985788433436419
0.19987579655819623
0.6679889923280512
4.688418318306638
0.18767334638301245
4.379133779435379
0.5206665200255212
0.3662754568345974
0.7956973832769549
1.1230815227369264
1.4431326143324974
0.28326998641302514
1.3434901343923444
1.2390619720926221
2.8135594989490773
1.292052067346222
1.6967019163442605
3.3014584432072533
0.4205404261933845
1.007050640439376
0.7835926135357029
2.1868890130684635
0.007607844936829994
1.3056766540890112
5.397408384438011
1.6737397730304944
2.718221900837121
0.10235312640401606
3.686759929050005
0.858636699137443
0.7990654628362974
2.403913325149159
4.321238016240402
0.2566385757897893
0.3849086648339226
1.1019850977829462
6.788705088921923
0.05595265973202954
2.790283518774701
0.421031517105347
0.31368023446136273
0.9796707639659541
1.4481813304102753
3.088502509701234
1.4122820271081367
1.1644295866005197
0.15946185112400726
2.6604945634151766
0.25289267190535947
0.38337573180644285
3.0271884147795225
3.4992173848703847
2.7390829494451747
0.9815689546996693
10.09678869353703
2.5984606994732062
0.35144305491300537
0.3795001734122174
1.3963037036167016
0.836494324166785
3.4912297906798497
3.7241054276568772
1.2237847446940713
0.29189950592177527
2.1940934803650594
0.9261301200931724
0.23604988709851565
0.3659184309280126
5.886097591339036
1.6755450011198474
3.9951763554251265
2.1947633241620355
1.7591438055292559
4.495794241503933
0.973692363637641
0.553091387223032
0.3806145574583854
2.457389917894032
0.04392237157569835
3.4606817885236967
0.12381293882080725
3.7469659736151906
1.7036990347937935
1.5780154811131522
0.9819344118650102
0.028261367312580738
1.8409411086264387
2.9348314753344917
6.648350912384737
4.151128796685424
0.9760327355729383
3.364453605195681
2.3464432023402195
1.1523618720324098
2.8059061900151034
0.2527261685742262
0.12524644949325342
1.150060249626195
3.903251394542392
1.593812789654817
0.24993327023959874
4.825923091259508
1.9892522338352554
2.7525111663452098
0.5694851146681852
0.12244805331865424
0.6044767552294443
0.40081059062417607
1.1933065956960425
2.910038957956419
3.1239421588391356
2.181309734466393
0.49492048632494784
0.8269890226628309
0.31425531078874086
0.4036965301150776
1.374420258021702
1.872397827408771
2.259479801305076
1.634028478751973
0.5648992740095077
1.1929451443916184
0.5957650495442866
5.09181344669308
0.20615598707807894
0.7168672177515034
4.848308159886532
0.18193140703202162
4.72121939258129
0.17645173436972095
1.2503927930533334
1.3543755839333536
1.895249140130179
6.109761207856011
1.1370364943354794
1.048752147145776
9.102380067153025
0.43230385154635004
0.2196923044116306
0.08645764198771046
4.117653759952413
0.897666563651502
1.5300561991647816
0.8289814953043173
2.1963714273599835
0.838305830760576
3.7551422845684974
0.062447834759766035
0.8827519344582405
0.7099469949714473
0.7005789734361038
4.568894078917432
0.42311640636360676
0.6695166282489006
0.6401732988868454
1.3337040370770528
0.8683252241283259
1.4795195812124946
0.9182359831409768
0.9047891601460931
0.7590212140924881
0.31667384376032154
0.01712754541341708
1.3394825714020162
4.767627570694794
0.1239602705307892
0.5007917858415415
1.0499746067751197
0.8965997550956155
1.9486991794363537
0.10850228376781582
1.1372038369257795
5.760648003648842
1.1502533876914132
1.812600153488063
0.10918902220760297
6.114806696723576
0.7555275864567015
0.30151641090933146
0.019216214612925976
0.8158474096521515
0.498043142344624
5.743877924474843
0.36557455755027535
1.9627842636896775
0.9732779075618906
2.711533101965204
0.5972689104826959
0.7317853575089067
1.6631709146792941
1.0416390866783247
