5
2
1.0478528096500712 0.6237418334953401
1.1448736037235943 0.507329808343457
1.240498848466471 0.6885589508023437
1.1708703698527065 0.9634521567511214
1.0531211518788806 1.0151504117517631
0.653589632724379
0.580828505954574
0.8541565855715888
1.1280775831105734
1.0690763709543367
500
3.3043637351051047 9.672929843103157
2.5959654013983724 4.453296526217611
3.580245255615482 2.767897009258254
0.8689794575342158 2.1394930149875915
4.0003802634791885 0.17043276358455928
7.076593663995273 6.649877910545366
0.5838158435964058 7.987972727909626
4.441474606133717 2.533644540760779
0.8700181217243097 4.940624909832608
6.002811163371237 3.1079653620130463
8.274704233044384 5.253210032329547
2.1222256809303195 4.2431197154883264
8.696123793050562 6.860001475856371
9.825598002392223 8.736200620036438
2.049863697543489 1.2907300042016123
5.618748123773608 5.911229338062244
9.463798075373525 1.5858341010495547
4.99838383629256 7.400224234423339
2.559074084695736 7.03107076234875
3.1444823282753243 9.365320692528377
9.41321668499923 3.3641169372749546
6.387514179717861 9.609034886423965
1.9842602591853287 7.198769752796355
8.91915319949751 3.132973091730248
1.5182069372780849 4.57089508895357
7.3724323010779 0.2630842632684349
3.742688081061262 9.234180559516394
6.134957719158166 6.618306674234012
5.239970382259448 2.460958371552564
4.93531696486854 9.506722180709913
8.336149558479613 1.0206518838307421
4.77133043686341 0.03714552604027532
7.227205695408392 7.282333916100812
0.1764327151101941 7.07422142731957
9.233633213624406 6.326642228240472
4.5248443776777245 6.485101028192551
4.074826410082668 6.040802725629357
8.142895213936768 8.51138908426529
4.589740702179216 0.3963218287123038
8.397568835677484 4.38385326514802
6.603737026789344 5.682673839315665
0.23302850365034544 8.687199036696104
5.506670769470108 1.431159461302871
5.319588407939884 8.19679552354799
3.7127163543497907 0.4524626840198809
2.668888195269333 7.310692999789948
4.490849379741524 3.2292324874569323
3.6453510715306745 7.6150491894446315
5.749315680429482 1.7493309631669973
6.853594619081318 2.8824931709318546
7.659958467995559 8.311431879774924
9.168201361807501 1.4235499234232873
8.291792088297804 8.67133482137097
8.51255367756358 4.91015134149422
0.6434635393370769 3.709991638697645
6.47299958362244 8.243812160295633
4.758989899632447 7.742928565930387
0.2892870648604051 3.634754714587465
3.432169167731869 4.020970694748919
0.700689212210035 5.241767729265229
9.873603694153495 3.5435667056611706
5.789785668875202 1.3006172500829338
1.3545756238309181 7.919507662208014
3.908773377158391 6.483606186850846
3.8431036684614375 4.588597039802532
9.846292102312743 5.060784587662228
0.5719016475967009 4.0139999307335295
7.986613724637016 8.47234927856652
8.448122178291328 0.3560731451194976
2.136860403896476 3.2441064301179576
1.982004843766435 8.614625358123027
5.568676778326637 6.970137466728856
2.300180488976231 6.986487655658301
6.371942830759437 1.9179978041453205
1.3623929795595247 1.1146984200861576
3.4985154719091005 5.094926591700105
6.603189820778542 4.737785674450249
0.6005512777675281 0.6367607619997273
5.169427083729065 8.5626576567336
1.2997376138256023 8.400530516693301
7.773366152223405 3.8309972918665656
6.487463400101695 4.54181551169945
6.895420965061325 9.277503204725159
1.0557482134532958 5.454134481115311
6.984336739697516 8.789864288165962
8.84495708465213 5.268147067223107
8.593363947829186 4.110013071691697
9.840662847037297 4.670458854578865
7.283339005639023 4.581174140206121
1.743310131681618 1.95600945498139
6.248468769399995 8.554534030184591
2.2176250968532187 2.2854092955993544
8.214781635061204 1.6578600977708435
9.109181336421164 2.3704323101727476
2.236876941941446 7.826054120033295
4.532620870073539 7.002518099676268
8.476046225199035 4.405280950855682
3.852153952728549 2.3186467875064674
9.714202187895552 0.43168469156810607
0.19255218117257167 5.292582730424485
5.86998734131155 7.022888348709536
4.012414816025908 2.1998532344877306
9.29064020245941 9.027503643085662
4.939729051049566 4.041022107603024
4.766849591752738 7.154339978221335
0.6002545625240052 1.6598227585635184
0.9964746934988777 2.3709101194781876
8.608765725739536 6.44792464112772
8.53278226947049 7.56651958859006
2.1847203395012293 4.685351391367014
1.6776935023277373 6.973727093968884
5.905801461302235 2.404799648261892
8.146549867138717 5.380564225214286
5.46510761904977 4.84595119478045
4.448906706548918 2.8794838117249553
7.180848883148726 9.091215783448689
6.62709565229963 4.44694825557198
3.3746803021984673 3.5279035533895478
7.569687131851287 7.195140590621642
4.517148468569516 2.8388010362549743
5.117063674862359 2.2239285202179437
6.19773028603912 5.315592937086702
7.833022005667665 6.162124059694735
1.6247719900016089 4.454461390908322
7.624207639111425 7.618751896233189
8.935033536139326 8.039210103843297
2.8656906198625096 4.684314245382834
9.449256553869457 1.884921348082348
0.2852005578151895 7.902542454633825
0.7322266716131531 7.02498656871102
4.188667631836152 2.2625828073077168
2.668926138913863 8.297932217536069
2.3469478730973456 1.9839841790414403
1.87672680885698 4.6159181825664195
4.214133888432067 3.489823252842026
4.10899421788233 0.8294370823760322
2.889361081919235 2.7976748333822554
8.97357067181452 8.170551270570247
7.607348609517231 2.4113756393750982
8.080460595509216 2.405283607274061
9.010759645139832 7.397122245208816
7.393396268545173 9.620760131735642
5.652354476956793 2.9075292891688944
0.047583097473555824 9.31899331832396
2.8092238567834196 5.756092486163499
9.583537922152814 3.69448355757802
5.198776981853168 8.681789764918426
4.519168007454236 6.3848722331421595
0.8224096053275309 6.755013229507991
9.692641284732193 6.992075590963801
9.698211472979292 6.184711262229962
7.2721224110249985 1.1483847646403167
4.643265795362916 0.35648771177441696
0.04408742759008377 9.113205551472571
3.365311509531621 7.016781776771088
0.153047279025611 3.578593845714094
3.4603931034236215 8.265605177510732
1.1986127342523145 3.382985222862712
1.971153817240996 3.54710750682687
8.438903597256393 6.894198837947906
4.090450897075451 0.6504685596130322
2.885139237804002 2.576731070661694
0.9893807180831582 3.4266081326703857
1.5694877178553035 7.347067497289576
5.360710056455887 9.075016087382826
2.5602669894580323 5.536073462902706
6.691672994479802 0.6343551436517603
5.734278676455126 8.893095497884044
5.394657510064396 9.230287839279443
9.172573694210103 4.785102217454807
1.987676702321357 1.0462191738995752
4.323139599700472 3.9242434124418346
7.360568413758562 1.869570394124187
0.6494427697887994 7.76457013770099
8.288086811753487 4.297056831773282
9.214215862470883 0.7306762145310752
1.9210301273607722 3.3174821861683967
4.144384562735589 9.023843957734005
7.015220367160984 7.415780248069503
6.919221196953076 1.5079163053738942
2.7894278886804047 4.750589930006265
5.167650647511275 5.510112240087333
3.9575273009868948 5.416552816798491
4.821505346163786 6.244667238672845
1.425713809582284 9.91119954412959
2.778750353792562 2.85186146413721
0.6466004492237298 2.3238051641989577
5.259201437691866 1.374893939992019
3.816892802240499 1.2701853412704334
3.071017880553627 2.7342370056646192
9.016136294592954 3.368168347397381
3.185977542754166 9.834259967820255
7.8572237168941435 5.743154622470872
6.859332261984931 3.7889920851416004
4.353321770161078 1.892658665411221
3.87121252353627 6.333427829689802
4.732807169187131 2.5838204591177516
8.426987746166743 7.402607149930152
8.614583980544202 9.726950239559928
3.3359159586869334 3.759008790589682
9.757071890513986 1.8290607461559394
6.802902732944602 3.0927390659897283
0.5602310063896554 1.9508581183802376
9.086406336535259 9.504985225404063
8.558136045098381 6.6509476175346425
7.89110624933265 7.1826434652938165
5.689635000071373 7.728156121239485
7.16646980820718 2.2838423373913095
8.778927471544408 6.4420632353983365
2.8990451973037725 9.026566386274093
8.086319177546528 9.755759741483288
9.510442493541632 8.621226488513187
0.9614529529656979 7.032503801189974
8.177397030194772 7.958235933170258
4.976228420738428 2.430119076477574
4.119014939194887 5.114482983045394
9.429405360326246 7.963672899190826
9.061262190764204 4.5327549004585235
2.194226548639638 6.005941166295222
5.902726169414972 9.117320636304102
9.702730226490749 4.5405868294750915
1.3808758126324516 5.542881352649092
4.2050680439458095 6.084534115003496
0.16608128017896795 2.0184324576211
8.992111013519361 5.18799311059264
8.404101496420099 7.222618064487095
4.841220224052952 0.8804237193331366
3.1050146388218245 1.986233395668705
2.945329464705626 8.218894567491326
2.243582412929311 5.175060355726767
9.35950051886512 1.338194481955478
0.3973149460078196 3.8162947736522668
9.26047274471905 3.9106693513302893
0.4729628928983187 6.98239412977134
6.245222726712579 8.397484707088985
9.043613893513005 5.5070563877559495
7.312582274450852 4.271252633764055
9.930464580478478 2.0853215719645144
3.8505945065708658 2.181078593312087
5.703414457452421 5.36695716135867
2.1939529046582873 5.032465552905152
5.533148819185581 8.815787741770412
3.571249964932759 3.5543860447511753
4.61085677027123 1.2251519783316034
4.567323884170339 5.635003034303069
5.763587385628066 6.656346650798188
4.777618506441563 4.911535695451956
2.1516153289074733 0.4842544909802293
3.965387034879615 7.148462483327868
6.973793354774383 6.423681921475959
8.49157907836038 5.235347085672357
3.8221929465691606 1.6533372082108377
8.59574996685929 1.447794396180243
2.282782490778178 1.570491925407671
3.6319093487632714 1.5733389359381067
7.2795804733706575 6.122432826998575
9.494199027889723 2.05614638169064
6.9113574180233535 2.1018321586877753
6.1320893035446655 4.682931831229299
3.7665667761832564 9.294120644625636
7.7442291617721795 2.4784311611890497
1.8218051565252336 2.0630783133617028
9.657120399838472 0.9413773510433399
8.559257847940515 3.7988320032474254
9.291180236566065 1.549852024611651
1.4764922697339256 4.223793540688594
2.706583352608598 4.676620003357735
9.742110208532056 1.5677902158668744
6.918219453609915 6.284263431348825
4.004750216709629 2.416463143548062
2.6630299363942633 1.2294184861901092
6.742505475668955 3.080671891361911
9.947545688006745 3.40851723747439
8.59910827341897 5.765975595560686
7.229629682799211 2.7950655919429988
7.569935117002997 9.058280137434675
6.720791346042015 9.863873651823232
4.276507537143701 1.7997507683841751
7.579240672984927 9.746291872007028
8.190660531406646 2.250449115699479
9.061768199571897 3.3616921070202044
8.432677315767089 8.923597764629964
4.208878768091282 0.5267448341326297
3.6835857906507585 3.4149150899474154
0.3198127139805518 3.3590691187611377
3.5964866402218965 1.4709543264214109
4.451905454223235 2.9879666547416517
2.0681764955627147 2.6826822500416982
9.596667068513886 8.684335891642112
1.9654232731268173 1.9121355887452274
2.191580064542248 7.508916006790328
5.101200189328755 3.4363189566779795
8.406293024946907 8.492982058152785
8.115127606361757 2.2998711305483512
7.275887850562665 9.696686227554427
6.177234448443899 0.47089019664572795
9.471738869988428 1.1549385225030362
2.4245533033670155 5.542052790200495
9.730539352631443 9.352452343100085
9.821663457087887 4.6701044600740795
0.6261455996149801 5.068713281896554
3.0514616372605374 9.513682871624326
7.132496980279468 4.529649234852666
7.00675265690867 8.438693626786888
5.694058491503061 0.385161373333609
0.2051548444277962 0.7664883904482911
0.3256140802995844 6.689824279306171
7.6810709563094095 2.1695632772503326
3.079350394417102 6.494511483904553
6.561605037795093 0.46554846207059963
5.0242356166914455 6.870651530312672
6.959521564070345 0.22219323728135398
9.143583536581822 0.8100016647906016
6.319621785840338 3.9628900358439267
4.349670596496939 5.5374910206093455
2.2310078552124146 3.5246969529781524
0.41130117360755336 9.552592110112665
4.156359449708562 9.941678762486275
3.191476542279663 7.288172181323274
7.8418856430700306 5.373533394584459
0.9761696875061687 5.746329381855942
4.770492338425577 4.0945607478532065
8.296894467954273 1.2662640999045283
9.382049895325208 2.616093922051909
6.173221142256843 6.923318743835445
9.826454145929088 2.1664402624036816
9.868555819340362 4.930834963123284
1.8463144936174958 6.147059608569413
2.666905201483092 0.77193790539129
3.270985080966623 7.3411364347673205
8.535296015983697 5.34559015112195
4.689827587829111 3.3882395587726775
0.5686336345472609 7.716361851471021
6.2902513651226695 8.500518718173536
5.864659970371805 6.504194020753625
9.597748462976975 8.686909120045387
7.571878753969048 8.15224947687251
7.048183955357476 6.4335354067234265
9.513376362588193 4.494629020595227
4.638887785530635 1.3816471694567933
3.3416863100480008 2.367265281222707
8.580809532619437 7.014544206339756
5.50403105454963 7.416061998216609
6.946498631666343 5.321020850419704
8.483904702259531 9.36275142168026
6.24987694666102 0.696814546146397
5.550639861420169 5.79543243699959
6.1746504802181725 9.755689382089068
3.4839700258315522 4.458808866915268
7.368413094252203 3.06639858597471
1.8886266294769227 6.62561764122188
3.4414735190721157 0.8741184960556725
4.792874863584355 6.964016241730847
8.381076675905982 9.032161712687612
6.085500431334928 7.987444103524009
5.4014410481466175 4.237433028540219
8.945234839136608 0.7354331056799557
7.432414806225682 5.051926296488924
9.908139925210651 4.835883811299481
8.239611575878284 8.00432851846534
1.3197305060850695 6.419963343940193
8.097249770111443 0.963740062572549
8.819265997396215 4.343027479005709
9.248237114940945 5.904120714215741
1.8645400432756098 7.639014602298748
3.044020986428122 1.6969751265316257
7.150465663634357 3.154175406112165
7.11665062065031 4.170438953887647
5.55757657696475 7.488795695253392
9.82732618012388 0.2932622932745288
8.478476717390125 2.089069445506774
9.259788512488043 3.154659608051713
3.8093099489934756 2.979157036856609
3.580619863139453 9.854352899786065
9.622007165143199 7.20991257238131
8.186104500054203 9.94802706128416
3.889558845291753 9.541147983657872
7.699618985509163 6.863639295096777
2.4463466968670975 2.318552832458245
0.7787749980495229 3.055437147249782
5.705792288262521 9.823092579066984
2.602774621314375 9.522994240269279
4.069099793364175 1.3085344468003712
8.638175368652886 5.577525336723129
2.8328791901672457 5.879520513164697
7.069107399901579 9.870962529352566
1.0257868801715475 7.33565240472789
5.768365757238303 1.6364449972238426
9.207748623309305 4.1291061109434635
9.783154265373566 3.9775417184258464
0.2693961910765619 4.268980337969758
6.136422137565348 3.847141632478379
3.050619971272175 8.076218328797921
4.771172240281283 3.4779375575164817
4.209699252917582 5.446502166177037
5.469663894381098 8.5334079300017
2.4655194578295268 2.4347166227060146
5.399167093980527 9.596119430139105
5.596780133160999 6.652458328436431
4.936054812978565 8.472612116072666
0.3376711160122836 0.9632090111494851
5.875029087425845 1.823601178131019
8.411244309193407 9.48203534960103
1.2248174976403503 5.858924409474822
4.364643010990452 1.2942138804896264
2.249673023117503 9.313240512606129
2.057529990386101 3.687474993534796
6.0406496894476085 6.3542510513085535
2.9650461970586486 7.112264111820173
8.724122085549878 0.8306228124505532
1.308412845459016 7.7477344667267065
7.154548897546574 7.122142674310203
1.806829382978008 5.2645068280514
8.042299797018831 8.207034242132242
5.443738003019696 9.821775954051077
0.25240046475836664 8.700698798934821
1.19770897180286 5.6774429545134595
5.836855179019275 2.1911057056411885
7.204441499539122 2.743985230868524
2.928502696750571 9.44187045261187
5.626416015567309 6.858911414148482
7.391404503668322 0.5461869167263855
6.9137686565220395 8.148233663864028
5.108531675908009 0.6305997845882783
1.1877028736190876 0.21832694221237348
0.15248410201657903 2.9328665246488885
0.5724379099418675 6.716530971896662
2.553374962338898 5.635167151715183
6.410073890679483 0.40633908105417227
3.9643920757048257 4.322830270144662
3.6473166564981483 4.985847514834041
7.493473671256722 0.9489705125308046
9.56099455421141 4.307759520036686
9.842689677593327 0.5632702246207799
2.9765326705288997 0.5376912340914541
2.1230824560109163 9.240136214353345
2.172283252782412 1.8154834048600854
9.305428473126048 8.309296145448549
0.6646931251423405 9.200173231095132
3.402109653023749 1.6202156859055272
5.083719280924526 5.465892522642632
1.493075321206535 1.5534931746344938
0.022002467962948247 0.7982363002835802
7.990296084065353 1.1864607783382797
4.494799165420807 9.407554880976242
3.811159530125935 1.9521834191059428
7.363238529042876 0.5360268621150188
6.662655468371658 1.4384553790645493
0.8777270459490749 2.715503387326219
3.535129267635859 0.016111188326095593
4.831711439369589 4.563133807232359
8.649186333431118 2.417458869933572
3.229520497051994 1.1490124954211678
5.3794859619006985 0.930104304448699
3.522286388839121 7.759226435481842
7.533056571021056 6.039297427024961
2.792936665402289 0.5603080228108481
7.560994811094819 7.356942317376575
5.8214709467017105 6.733395949119591
2.24264896727167 7.8003384927070565
2.6669089256340426 4.677747340752617
2.9357737929220704 2.1399080644323023
9.082206756502494 8.329711651367678
2.7085315446487135 2.9866963867583305
8.762646598593692 1.9201000497274667
7.194375918795576 6.464167778450623
1.742632645887543 4.741003652052646
9.9731016704218 9.389354669355933
1.5615751378686704 8.665651032029128
4.9857062197201785 0.5458048501856472
4.314382284765786 1.4893993467187239
1.1547212697324027 4.233102795463649
8.81878183311889 9.075680044452472
0.3885671976471039 8.604895492927895
6.231874834754341 5.1309915545140194
6.338225536938423 9.84031790231205
3.18653238878147 9.64214097925162
4.109961646760311 0.09412343033551429
7.180488083008867 7.224466104584506
6.376396763118782 0.6604118229493805
2.4673177076286903 8.545003008184478
0.1652674218394723 7.583923928221927
4.722324975260943 3.6064306720730333
0.4303760168842552 9.141878411353021
7.576829276183793 8.756134744873794
4.775982201010271 9.612941043374427
7.894738790153175 8.335634876211282
0.7838566129071589 9.336980334496227
9.94611113624806 3.3784887048411583
5.129588832566122 1.3275381586898083
2.064231498910689 7.507452228447029
4.058266099025513 4.31005148219104
9.529569707878565 3.442039889546542
9.38076336094888 8.391172329510287
3.9767918520727163 4.0354654951984745
5.430678693089472 1.173251398073838
8.78428725472795 9.644012975427753
1.7556537658129523 4.446583210104311
2.0676811416429883 5.346644883972543
6.482977265787931 5.706758635593026
1
1
1
1
1
1
1
1
1
1
1
1
1
1
1
1
1
1
1
1
1
1
1
1
1
1
1
1
1
1
1
1
1
1
1
1
1
1
1
1
1
1
1
1
1
1
1
1
1
1
1
1
1
1
1
1
1
1
1
1
1
1
1
1
1
1
1
1
1
1
1
1
1
1
1
1
1
1
1
1
1
1
1
1
1
1
1
1
1
1
1
1
1
1
1
1
1
1
1
1
1
1
1
1
1
1
1
1
1
1
1
1
1
1
1
1
1
1
1
1
1
1
1
1
1
1
1
1
1
1
1
1
1
1
1
1
1
1
1
1
1
1
1
1
1
1
1
1
1
1
1
1
1
1
1
1
1
1
1
1
1
1
1
1
1
1
1
1
1
1
1
1
1
1
1
1
1
1
1
1
1
1
1
1
1
1
1
1
1
1
1
1
1
1
1
1
1
1
1
1
1
1
1
1
1
1
1
1
1
1
1
1
1
1
1
1
1
1
1
1
1
1
1
1
1
1
1
1
1
1
1
1
1
1
1
1
1
1
1
1
1
1
1
1
1
1
1
1
1
1
1
1
1
1
1
1
1
1
1
1
1
1
1
1
1
1
1
1
1
1
1
1
1
1
1
1
1
1
1
1
1
1
1
1
1
1
1
1
1
1
1
1
1
1
1
1
1
1
1
1
1
1
1
1
1
1
1
1
1
1
1
1
1
1
1
1
1
1
1
1
1
1
1
1
1
1
1
1
1
1
1
1
1
1
1
1
1
1
1
1
1
1
1
1
1
1
1
1
1
1
1
1
1
1
1
1
1
1
1
1
1
1
1
1
1
1
1
1
1
1
1
1
1
1
1
1
1
1
1
1
1
1
1
1
1
1
1
1
1
1
1
1
1
1
1
1
1
1
1
1
1
1
1
1
1
1
1
1
1
1
1
1
1
1
1
1
1
1
1
1
1
1
1
1
1
1
1
1
1
1
1
1
1
1
1
1
1
1
1
1
1
1
1
1
1
1
1
1
1
1
1
1
1
1
1
1
1
1
1
1
1
1
1
1
1
1
1
1
1
1
1
1
1
1
1
1
1
1
1
1
1
1
1
1
1
1
1
1
1
1
1
1
1
1
1
1
1
1
1
1
