5
2
1.3793993459392682 0.5483777577776257
1.326130367975915 1.108465529230649
0.8728504193876521 0.6654201912535116
1.1337893077137877 0.9021134409321272
0.868695830783311 0.8616654395096105
0.7564319204060993
1.4699698001672579
0.5808122930046392
1.0228065736737395
0.7485251748320679
600
7.157949702414582 3.437792996189506
4.191612168647603 4.326181944110566
5.241677710097335 4.702817063940482
6.196026420237618 3.4819531601146925
5.715784806895917 2.0799779146825728
1.311575466138164 1.985056348061227
0.10503377420398752 8.942585621930613
7.526816451611405 6.543870736393286
7.785975690207784 4.995842237489421
8.063549153254698 2.2903752886353113
7.463140767427574 2.1582834057620683
5.753134957744864 5.927500962714952
6.4350045293449 3.4027768072035625
9.33201033455902 0.17574931493922086
8.254461991437482 9.43687929595827
9.432154609713768 3.8698776569542215
8.797976254959046 4.472625313504544
8.775381739755545 8.538385471468663
9.860583455914407 0.017682303533202992
6.747118245392905 4.625594589261568
7.725419523122705 2.000360875869328
9.876251971769909 4.185200238565741
6.363117611219213 5.168459127653225
1.5385238559864534 8.096359615123983
9.31345671848886 7.512129846362518
2.0048077268817286 7.984358425769566
1.71309582100181 3.1255074638405125
7.780107756791834 9.833184517286798
1.6711328219286536 3.403879710173717
8.597666693517464 2.797673169852456
0.15781762398865418 4.7790348184001274
0.4179394820063931 5.047741786332274
3.096806445918485 2.788937219733607
4.449048881648614 5.696693404357842
5.252314594825859 5.4382904330986594
7.5313382720897115 9.42110868391622
8.539080486415362 3.8417379352967873
4.590217275311925 8.873141357128372
3.6444832451469864 6.303757398392187
7.896980847562597 1.946137150526892
1.202362650544575 9.920768393095358
2.5284078027249226 1.9179884803604852
1.025255882084749 2.0677906695722625
5.402399588048862 9.036122286740033
0.4152840116307688 8.259746115693877
9.75121568258925 2.0947273764739482
6.8403771711148265 2.7583119727565544
8.80968478576076 5.710131968627641
6.153359367940313 4.831556830449547
7.199240785082161 9.510464952408835
4.122346739250955 8.989308789707941
3.2001663262141324 5.112671144695595
4.064333918947315 3.147050297493652
9.112402594090623 0.5543898595055985
8.67281005757907 1.486614438197793
0.24117422616484085 8.83964613031046
0.5707439592609465 8.080495448209833
3.723162945092856 7.678486237462926
3.866035157447417 6.013767258618125
0.9504699910713943 8.62425268934587
3.918367523594654 3.3891430122378385
7.937140653682771 7.193848486691286
5.283886085079484 6.48880092754305
4.056685851001797 1.8600418058755275
8.289714826530705 5.812104619250446
7.947766604214763 0.9850169462097869
6.942298088965275 7.404548247891373
5.61696133392056 3.8654446374365934
6.187524265942313 9.288255522782817
0.6740491752758782 5.739809334464906
5.570882863564921 8.946298397338452
0.26510410161199593 7.943340366022587
9.351958314619775 6.627811244817022
1.045501189425161 5.130328420919791
0.9485222397903459 2.206399243235997
1.4770861249416811 2.31194920832365
5.813186988339427 5.023068974448769
5.416840579039005 5.703180593493956
4.484888791837954 6.096061513365207
7.173384269171953 2.6729355013965406
2.711727844348668 0.8245830302006807
2.714973278702434 7.073677960404115
5.317322132960099 6.555836024476202
6.403963086348931 7.030056584227431
1.9669384730275141 3.9479159696470023
3.021344588081841 1.3065523750763741
7.113783025455531 3.557528929157947
6.336647609961572 2.001901263134409
8.71605492189893 2.3876143687345666
2.0128525637416903 0.5486805103179415
2.329324301369018 7.181804897598002
4.755358556505338 9.777871998830886
3.0993820939984493 9.009256298972272
9.82085620476439 7.010119254153974
6.046260936472359 2.4121944247545803
6.611273671846978 8.881526010205722
7.326267753701465 1.7828589371804782
2.658683771586041 1.987247440368578
1.981941253280689 3.619035571052651
7.65031972571664 3.8771289416043286
0.24881023801663682 9.908367996013164
0.25741981673462977 6.31288408129754
4.539064416980968 6.582017739864425
3.2295559477040605 4.315205334406494
0.23426552491003227 1.4027045371412972
7.587243329040232 7.096428135606983
0.8046553022389491 3.734431255650877
4.316302900622682 6.649718809056626
5.138410223542787 4.816531212016484
2.3388078577174576 4.633846070114388
8.08930840139106 4.731110435304647
6.741042103836542 4.543481405467702
3.6418819330991345 7.303408176341634
8.093965449972488 2.1209018548832237
2.09030516605887 0.05792122715772119
4.36947903332484 2.680339962865379
2.7328472952569194 7.2934656721954685
6.010735242818301 5.46070600131382
5.531310907108036 4.512882922528368
9.30652366694212 7.966991936937351
0.477006102680535 0.1735978706035779
5.387490137247241 4.58140195231101
6.8230652979074735 7.043895057336835
0.6938491676626324 6.156129753298682
1.4660622461640316 7.593305589988696
0.0869405749198171 0.2068760292182048
8.289228360175352 7.011130843541842
8.694424379129748 5.903666437938284
2.7611900687682844 0.09722581217495585
5.375924574343806 7.383294209772888
8.32732961276595 8.581678748659552
7.10057045458258 2.665026148524643
2.8326123017793337 4.309945362435792
4.831350223266295 9.741630064453052
0.938157204045289 2.358774855759309
3.750472766191363 9.674230520500446
3.226049669442216 5.053425686609977
6.612410994622719 4.322649483090419
3.7252789963393385 4.745379862190076
0.9761155848979319 9.701836768489239
0.9443315137643971 5.073213120287403
3.007550716308801 8.318245660718317
8.741271546502551 1.6843230978906232
2.3147146726483756 8.407318331706593
1.6804561285771336 2.1476589527967738
2.7579014678985203 6.517343879106723
4.879186229273498 0.7901493157290629
0.9932335124568681 2.3637296684667266
6.122584237481181 1.853536958509211
6.928532290281032 5.493092270323245
9.284243033310757 9.899624072932875
5.416835748104614 7.527932264469448
3.3610693008500703 1.1209439763840945
7.151769156203878 6.15906109559257
6.522078505041884 6.792846312628792
8.562337103055155 8.995188413490627
5.00974219592158 0.8854056135715005
3.949338761751683 3.539526605778416
8.588778739807523 0.06689657936067572
9.74668264908243 3.49922608696334
6.459985192839664 1.7837466507524669
3.6558232791270164 1.9083115313248433
2.3448859463959018 4.568003281167943
3.631793816520265 8.93460038487228
7.14409015966074 7.665490108274982
4.972181157918126 3.198692736019817
5.662189776168175 8.038243236734013
1.1997537540513792 9.017226036281032
2.925331867990062 6.0221829892659615
2.222642603441586 6.080329452417961
3.8512936084074676 1.8548534275167083
4.284073383086585 2.7928599206165714
4.804442104710932 2.3729927714690935
2.992305956486949 9.117813453262324
5.6623610141298535 8.769074913636137
4.028568300017348 5.552559134952459
4.170905420716902 9.850706802705181
5.257971966134728 4.891370033114352
7.7929147837994925 4.366565160474857
5.447619661634347 8.423190013782119
3.3136339434301387 9.91661653336504
7.691790644883 3.076913566854358
0.3470193991430659 5.9611831601670096
2.5607885658239438 5.146271457309414
6.393953452786855 2.195427415432567
9.908131587622103 8.601228785032038
2.1492170554998955 6.926940602443004
9.596433901907131 3.001217281510995
9.824322480240278 9.240826335530182
1.2432994095828342 2.36171189267806
5.420607764771889 6.79905576430264
6.378194175600534 5.756698935232187
2.1634154177260667 0.9859277225779117
8.309637653134756 8.434629489147898
6.22178373658233 5.090914326089147
7.331233229932587 5.900877155608732
4.9092859442805326 6.138381497911745
1.416457303374301 6.405813867419874
9.97938681072857 5.878778986719562
2.791385203350729 2.712184736899986
3.126411534029584 7.180509315542261
0.5488972904433342 4.981152887109689
1.7218666485800438 7.48706314006202
6.215616853663298 4.582694544640793
7.935237127134375 9.208810454498327
7.7103063462820245 7.4829388237593015
0.5423427499679889 8.202217274872027
2.8270351233939497 3.320141544043177
6.6693109459621525 3.207040098958436
1.9348074106723523 7.619869521695253
0.36307963828842715 7.508676185541092
9.667910793470146 5.995071619847014
7.990865908848825 3.9714394193157787
7.13595741622359 4.340388990149158
2.1759403772910515 4.314651665703505
1.6729048211958142 5.386876998481159
6.516410674374049 4.381282390038198
6.04690703671738 0.9812745106836995
9.58638990346407 3.836401641598286
9.482930315353968 3.234210450752457
8.958198871102212 8.457315670035307
5.058196024929304 6.320643645555176
3.8536489283830355 4.934681309523415
0.7616919271546008 9.385439554485963
3.238150555987709 3.8404058090132875
5.587221341125566 2.5713053511866537
2.0621121595704706 6.385157012638738
3.0335160292260466 4.367370195252729
2.588335488916224 0.5096065407704298
1.3196327781822903 7.156563857060554
2.878276565528913 2.621848559191559
1.846990397076138 5.069818287058119
7.4349474795729815 8.680743095427966
7.810802588587982 4.734281869497318
5.574146841707246 3.143142203467061
6.68685385517986 3.707080474252357
7.952661664454862 7.26457501698129
4.2326789216866985 9.608975096550228
9.610218937278315 9.256143774799227
5.217410429253006 6.184725841744596
3.389631507045534 6.0354979178462775
4.458962392425272 1.2489687417796858
0.48327908635048766 8.935979232340424
7.289589665473734 2.0273755122927195
2.716452194000029 5.9469087364593225
4.225035000900829 1.0672366697226587
4.468442114428763 0.8849596696352025
2.1313029738401856 5.754755961857222
3.683826686216473 5.5000414121294385
2.9471831150831154 1.068708772464101
3.8448293567172245 0.8683344183368624
3.343809587754097 9.939538867094578
2.8125479650733123 0.09791869772908912
2.3576867402890778 1.2434790154850928
5.8445471246091065 9.708139401810385
5.076118841406992 1.3454140052782437
3.403742006660684 8.521047954107265
5.135832418051955 1.9149018018971553
9.814925277220265 4.861931692853102
6.006700806720229 7.672092284529924
1.4558293045648507 1.1571385715550386
8.533353245408572 5.958041753427703
3.027047491200172 7.390797159595181
0.8822927643468204 9.328170585061198
6.551517157090647 1.8470201632864358
7.9510565907928035 6.057333955063752
3.3908600270496505 0.034815559817397146
2.490192679254304 6.900564950449944
3.7123235406287556 1.4323768873440634
4.264741608415967 5.454716124007202
6.972635342913849 4.7493352708890955
6.401156267498379 5.3685515336203515
6.949110676829156 3.626164977849707
5.765371100583163 2.0714266879861487
7.9199810335512115 4.458122118384119
5.069436123516108 8.267932901838163
2.188315179534539 8.75039006136487
0.5801092129834962 8.480528794318161
8.96854860157196 9.23225579814429
1.0375628833633799 9.898799323443468
3.6900367769373235 6.044508523613218
1.710918323915488 0.08788631643691147
3.977304564157861 1.9305602047939885
9.361165267699711 3.3395952479752156
7.037650653725393 8.688000760081692
9.922229244469772 5.117228995154928
5.498699524888002 1.932109100640198
9.637188703931173 8.018590464134402
6.168528371155748 7.189765050052504
6.708225638935051 1.1097955974069529
9.842810295191482 7.557101822920894
0.17999924268666367 9.32451753570905
3.054962848972602 2.2330016942681583
9.126147222744024 3.3517790846876183
8.507067382073485 2.0117934669839457
5.809354285964136 7.346293361152462
0.49982109774709294 3.5209127102445112
2.047504869591487 1.7381469439547648
1.1192157208961873 5.335839716564851
4.029621789574676 3.5434619687867865
8.73380268696605 5.823707289307849
0.9819258537913522 8.75402710053007
1.5654517671939472 0.5293145285385181
3.857646578709275 3.9843050952932813
4.5146537550771555 3.0923586390263056
9.042669757097565 1.1373127517945436
9.266509605336221 0.15404935031737121
7.7595372306628985 6.880299871583052
8.084286438002664 9.454667651867553
5.999053436891428 3.5559670018828884
6.253798766034583 8.504287749378987
4.674848533372 7.7323897130444905
8.095952121216973 7.712129078078953
1.9542693922876775 4.472491851150211
2.6847994694850295 9.501837607174327
3.591751326995843 7.70535971265705
5.737303362104407 1.1991623602490131
3.848664509818165 3.9147878411315338
9.719506554506218 9.276583449990206
4.189841351690685 3.103943998241828
2.3628296132340756 7.794666891311146
4.456065228330985 4.317838359227972
7.811066261364344 0.8405234157976771
5.373341371839374 3.328058406048857
6.857206789639639 8.10564466117983
1.2254390407399995 4.556532735457597
8.439937333483815 6.099862779970434
7.885843516433062 6.049528176741362
0.6596576292952427 9.19845680000287
6.35634124035072 5.2143973321218
8.238799420907634 6.6003289880245575
4.277529499838474 5.447528377584208
8.837527900726382 2.226418603763399
2.3103198350729315 7.960307642017593
7.766385229668514 3.9103310476095476
9.79603456309496 8.318682447574462
7.187026651771578 8.047097051253093
1.1627393089127414 4.439903278634385
9.958863783460636 0.7267385183604025
2.378009188183631 4.984825819153189
5.846993727124535 7.265820536917768
7.039599123924541 9.605687023597872
1.983875635409238 8.557925262677365
5.32223739920771 9.582888431237052
6.459912783960261 9.159326832953846
7.498217311035064 6.529227064627632
4.191055056940682 1.2803486378914009
0.30227001359540484 8.956579026366496
1.375944636468479 9.020518149739111
5.08665181308073 8.502803377088453
9.441883876297393 7.653502433697169
6.381098997904337 0.08512280953744344
8.679073814297576 5.819288983145707
4.177234449614965 1.2690259480578692
6.164714544842119 9.57002070123219
2.122917922448303 2.947655377950471
3.773826312596361 1.4611259985096037
3.240804695396593 6.3873796663687195
4.245197989497797 9.866674829578912
6.000957780973993 2.0299680631549655
4.836180669427092 5.072120665988253
8.150634516660242 7.1162937474103725
6.876140646612564 9.312001415714711
0.6434279455737713 8.21720575654899
6.443234692214073 8.888608233960838
2.9792702914867455 3.7726908386775273
4.455820409370093 8.685921206994298
7.076198230347752 9.673567441832775
8.837481279717284 0.7486865408359444
9.27346611905594 2.1267558777563322
5.373711522709402 8.731577032757842
9.318544761196712 1.82963235432118
1.3875696948161753 8.973185274952755
9.040717714882739 1.7380590103587645
8.950221834182765 4.591325343026092
6.938605690606429 9.039714788964051
8.722212361092733 3.2599390084493707
3.4630154016931636 0.27146467208583713
0.5795052897300601 7.435108372389414
4.911773005500239 1.6417586716255295
5.740868417763062 9.583961076321533
7.6989791269703005 1.7700937139025896
7.371003164454923 2.4054418700265856
2.8181357353755363 9.211033887657997
5.209759811200598 5.487359906198468
4.194420883885098 6.826096248165365
9.42222201437745 4.595061303707327
8.21875060063562 9.375209444180378
5.9618227016038015 0.4498100454006748
5.798798327944777 0.8987681231568911
5.7922649358303335 7.316914380958791
2.8495286801114705 0.2952188835684777
3.1294107368383814 0.28797986376927986
9.369277557721293 2.266633786651482
0.6691807221275781 4.610204374357347
6.700035807001184 2.3867619727506817
9.444394048666553 2.6872607872045853
6.458472934794354 3.6637836905671453
8.879992195840874 6.374066280251686
6.574964329524377 3.312075949486828
7.042259636003908 1.7726446843443677
9.708325400996772 7.37906952773719
7.123704484762237 1.4714114450081528
3.657014947950091 8.905800510667012
6.287419706231475 5.940883457452582
5.871497153768212 6.484908494777393
8.632321647211148 1.2861148810507372
6.78968079412681 3.70048689711886
6.193423470848359 6.565971849134012
9.458062585801507 0.91600285044802
9.812983874820938 8.663414100622447
9.986177536717413 1.2665021093763729
5.979900188442117 9.120070184676596
9.816766809551456 1.879543692863973
6.816272256894294 9.610988302886934
7.88318043217758 1.7328915530503552
1.838234704129884 3.3380727054732153
6.959193736159447 5.387072357871117
7.049353199941067 6.574942993653102
3.4990889970461136 3.173759559880768
8.157084518700485 7.398974959923542
7.108775577757088 9.798884341346085
9.023692262823598 4.766791553952214
4.072113335477466 5.940459464311346
7.959381773415436 9.739148253258403
7.959526890656114 7.090879802426117
3.7291929554314107 4.679862364805904
5.035215031694261 7.362696245521746
4.159964595810286 0.5081163814799106
6.433991486436318 8.391692533017869
3.541862098019255 2.501080469446595
4.014010022100506 6.275263891684958
9.698462265835081 7.029979106774381
3.600998957698036 8.08442837323789
3.416692159599364 4.773863000892735
1.488428986268916 6.061935164799566
2.5308704966326867 7.525680889055517
7.130724811758421 9.64966389081346
1.747914398706315 2.158965024187609
4.81048654628077 9.627702298701216
2.6834472172598423 7.188561339881103
9.044639032710348 2.887527474553284
9.58239713083165 4.675855768331457
0.779953336508713 9.493610206861183
4.842702602907606 6.177992022842178
1.015329578978722 2.2353000583085834
0.9057454517198993 8.468218487285878
1.4465314093629988 6.381675036580128
1.6257552890081595 8.039985318315923
6.462400763135866 0.5211734989655081
6.8867175656244815 1.7867644256306392
1.4093641902157439 3.132068461642923
8.476180405026724 8.524103591382652
6.099413516949651 9.36697268615699
2.8837814212496427 7.254003292172202
8.097544296837677 5.3897988974786255
9.17253954049477 3.845880375080406
2.181809981908831 9.574590081785011
7.180311108252974 6.720117755257922
9.99193153584334 9.616411837597788
5.382741963375494 7.214178496653997
0.8165180766682489 0.07350584260626847
8.907089044938349 9.040355059635562
8.712195084644328 5.020188902374176
3.360761025031639 0.559406629277085
2.2634375754175395 3.7259543931170533
9.612890154381136 2.0463057112543748
6.676849587168045 8.981458819674588
0.2938079028531748 3.470802234292585
9.277793718689326 8.569025169299774
7.639309988677483 1.7796605745188177
3.0951540112834772 4.8536215102449365
0.999089069612753 0.4365617956014445
7.1754954671437154 0.8441716536410993
6.107798051291592 7.715879250028798
4.417812747182178 5.887000164082249
1.7525281924886082 1.9050212583957238
7.158217223600931 7.466784782506604
0.17131707528293738 5.659796933756197
5.581225232687296 3.3880490336872326
0.051472158726046935 4.056623608924761
5.750551622096137 0.49213601274421315
5.032279117941496 7.992424031748064
6.502269757279192 8.938537666073628
3.2400208328536575 3.4715719998885253
2.9401222383778656 3.436842112938466
1.379680622622378 9.454006623889928
3.5877847643722505 0.002052088396466978
8.9394863250728 4.015215479637828
6.521995924679109 1.8924276768364579
4.996428561863345 6.506088426953271
9.869989770801068 1.0807661741050534
5.009329052838087 6.405283674970769
2.3159908535066878 7.922507780675022
5.813211483619809 4.198940388000927
7.728700871874299 5.617931410979242
2.337547743524669 3.119911644773529
9.968795060808448 8.393600126564078
8.162114262276523 7.6912551156399385
2.7678024829913994 1.5083952137254708
1.354555525312987 0.8376032827999436
5.912572916316194 8.964901407270375
2.237400391444319 0.6849320681835025
3.5559906965198076 4.670026570194599
7.53413177068181 9.537014106251009
7.600846243333171 1.5707095896100787
6.060215231064631 0.0986436184885564
1.5752027388018397 3.6902009957924697
6.819878746639393 1.00191117010078
4.328344413621683 8.367777867121136
2.4014573690160326 7.742243344366932
8.580149533011447 5.539794350435195
9.818281741839055 7.025975644310081
8.043242282288372 2.5408496535752603
1.1039231078615608 9.134262930286926
2.829349470423491 8.99377259845953
3.4211822203161835 4.537655020983057
6.322335232861633 3.354167023974889
4.537280719090724 2.51533076001894
3.3102166778477793 6.441805000495968
7.429653974089568 2.77181639411289
2.943522459933564 1.6390943961977922
4.769386057637509 0.569246131948451
1.6357649033470523 6.252329032850036
2.126669778347998 3.569027229097098
6.874189268101424 1.109166129466168
7.316274959260869 6.805935448310515
8.429041871538924 4.087171816315834
6.338681886111635 3.649358945818053
4.6136074590954435 8.75923199714982
3.322710380365177 3.858495691348015
9.48856535277586 2.407057715083689
4.881216587177936 0.5578148563629359
8.44601218439964 3.7385278882070483
9.155934492410067 1.8628679157927963
0.8780413986006452 3.7365572212502896
2.6444714339457276 0.8150346465233704
7.920506984579328 6.864743010327122
7.169446027928253 4.072460746664253
3.9469385019118777 0.6398124847587006
5.098499343806492 3.5933884254784365
0.47035858734964964 7.845155972882893
1.9939996533708626 1.1272158138929955
1.9196902885446876 8.366818553299293
6.680681949642162 4.336175811449684
3.323755161514913 0.7177132999087765
7.206537508451957 4.714106178261293
4.4171629341713645 1.052106358714061
7.063943589632224 2.9191264820974085
8.828762322285233 4.042529726817272
3.129557017663248 8.225231125774833
4.34755596987314 8.549785926367557
9.644822028275739 7.0898038811078
9.956412260700716 1.2730137789542129
2.857988260560239 0.28256624402802966
9.001471020775401 8.438184476505956
2.545454816849534 3.1585713464418896
6.252308683277193 3.8464129782435554
1.0564310380595354 4.241957725291447
2.2914141778960273 5.685389141854563
5.422069943046378 2.5279547084444087
4.4418262435697295 4.44469610812888
7.028799303193473 5.468214198029656
2.427382900892696 6.094301250534032
7.92106849281025 4.828526576178563
4.5010631363137446 7.749909728798192
6.434724563266983 5.071108708393619
0.9809818209323906 0.8753610555810942
9.786931991440209 6.220538343853068
9.116323522103698 5.529572002388696
0.13133982899152796 9.27096492666183
3.49109370621135 6.457940126933812
4.599386076900282 8.481964516418959
9.03263859912409 8.379275438702841
0.15118564054905526 2.241321562453135
7.42902517522513 9.995959706769018
9.791343806791389 8.744716921260352
8.227842538183296 0.0893420130942546
6.500619748516349 0.38258695494651773
1.6474353751887827 8.471944946466225
7.741294072379916 3.441499235949146
6.52537160685856 9.337931698270976
8.183725532053964 5.862065795169685
9.730692531892087 8.335423226363739
0.8237644665748478 1.4489497395948359
1.2522443568241792 2.0437957597051817
2.929556625274432 2.1634401130560734
1.5556785377530213 8.18318034053887
3.4902672274749333 6.981095851550614
1.8060627278367414 8.345720388369438
3.8936095899299894 5.987471998278387
2.731783127650975 1.0413625628216716
9.731990418579569 5.851782746473035
8.365656788992682 8.35519947536077
8.11765232256162 7.299339087752182
5.263938458528894 6.773609383398461
3.7952959363950756 7.211430457696495
6.66188203845035 2.1380641746429085
3.3496532078010577 8.28071322434953
5.156128012224368 6.023026981273075
1
1
1
1
1
1
1
1
1
1
1
1
1
1
1
1
1
1
1
1
1
1
1
1
1
1
1
1
1
1
1
1
1
1
1
1
1
1
1
1
1
1
1
1
1
1
1
1
1
1
1
1
1
1
1
1
1
1
1
1
1
1
1
1
1
1
1
1
1
1
1
1
1
1
1
1
1
1
1
1
1
1
1
1
1
1
1
1
1
1
1
1
1
1
1
1
1
1
1
1
1
1
1
1
1
1
1
1
1
1
1
1
1
1
1
1
1
1
1
1
1
1
1
1
1
1
1
1
1
1
1
1
1
1
1
1
1
1
1
1
1
1
1
1
1
1
1
1
1
1
1
1
1
1
1
1
1
1
1
1
1
1
1
1
1
1
1
1
1
1
1
1
1
1
1
1
1
1
1
1
1
1
1
1
1
1
1
1
1
1
1
1
1
1
1
1
1
1
1
1
1
1
1
1
1
1
1
1
1
1
1
1
1
1
1
1
1
1
1
1
1
1
1
1
1
1
1
1
1
1
1
1
1
1
1
1
1
1
1
1
1
1
1
1
1
1
1
1
1
1
1
1
1
1
1
1
1
1
1
1
1
1
1
1
1
1
1
1
1
1
1
1
1
1
1
1
1
1
1
1
1
1
1
1
1
1
1
1
1
1
1
1
1
1
1
1
1
1
1
1
1
1
1
1
1
1
1
1
1
1
1
1
1
1
1
1
1
1
1
1
1
1
1
1
1
1
1
1
1
1
1
1
1
1
1
1
1
1
1
1
1
1
1
1
1
1
1
1
1
1
1
1
1
1
1
1
1
1
1
1
1
1
1
1
1
1
1
1
1
1
1
1
1
1
1
1
1
1
1
1
1
1
1
1
1
1
1
1
1
1
1
1
1
1
1
1
1
1
1
1
1
1
1
1
1
1
1
1
1
1
1
1
1
1
1
1
1
1
1
1
1
1
1
1
1
1
1
1
1
1
1
1
1
1
1
1
1
1
1
1
1
1
1
1
1
1
1
1
1
1
1
1
1
1
1
1
1
1
1
1
1
1
1
1
1
1
1
1
1
1
1
1
1
1
1
1
1
1
1
1
1
1
1
1
1
1
1
1
1
1
1
1
1
1
1
1
1
1
1
1
1
1
1
1
1
1
1
1
1
1
1
1
1
1
1
1
1
1
1
1
1
1
1
1
1
1
1
1
1
1
1
1
1
1
1
1
1
1
1
1
1
1
1
1
1
1
1
1
1
1
1
1
1
1
1
1
1
1
1
1
1
1
1
1
1
1
1
1
1
1
1
1
1
1
1
1
1
1
1
1
1
1
1
1
1
1
1
1
1
1
1
1
1
1
1
1
1
1
1
1
