5
4
1.2694657657451596 1.2143738188318225
1.0620169168862064 0.8673744223000354
0.74778402316066 0.7265253895717415
1.1122559594983668 0.6026705478976533
1.4203317048397146 1.38956730841307
1.5416059898242132
0.921166309757038
0.5432840787423227
0.6703239085133108
1.9736465041478692
700
4.823635763181274 2.2255661346018316
0.38061964770189083 9.32051863947385
1.5169567197731582 7.235077754241248
3.0091867408893345 1.6201244181905439
2.07887722656913 8.483447850248986
9.194780719449144 0.4102672758654968
5.076641488907648 5.5447236001158
7.26931246256695 1.3329464348996023
4.410970448413972 3.805519066782561
5.875831415530816 2.4392303018537898
7.957341336299455 8.286092062382082
7.370188753102978 6.482655674786276
8.876087476962205 8.922228633069874
0.38172112509024525 1.2007470597523096
9.10446065674525 3.3217294997201496
4.579650336427775 1.1020006462172327
6.894795912532825 9.14427281363557
9.966880179208795 2.716139192470454
7.703087726756223 4.2831377648215785
7.043937882139595 5.177844468743049
0.4680703413119014 5.881763857498585
6.725724609160819 8.39792299917853
2.4901871937920985 0.46988261511273555
7.934037699833275 3.4787187534404405
4.419677159000569 5.0985803757450405
2.930705772628004 5.6327688922765855
1.4648209547745183 7.045991669085897
3.8680481974974033 8.894855837065684
4.418887544588907 4.724857380496269
4.829012264355238 2.151000266157568
6.322616601830563 9.77748637601245
2.3354961570933472 2.2079957034277378
8.174208337825583 8.793462843351627
6.484147686375282 5.673224685807968
4.019615523085745 8.399197439233683
4.347380693964945 0.6967104126515489
0.5137930454065665 5.035660741961107
4.218057151540787 5.053312537547673
2.08217674548955 6.505493789437819
1.0496378602313483 7.435029198516991
4.139735622497969 7.632067707026232
0.023530803216960106 2.7255583788435334
8.167034191314714 7.35208562613156
6.411392193232192 1.4679155455731219
4.927143160997601 3.5929525187635933
0.386531932385934 9.370183670393402
3.3909005430054195 9.229376961894584
0.8326817232816885 8.873280092333696
9.074897953373712 9.619553380122852
6.829501408128432 7.197990155523103
9.653219718766705 4.6223415324447314
2.4255790897450478 0.472449129760808
8.329537974749924 8.871958231677976
6.410299632350388 9.52025773431624
2.3635203928996695 9.040873628523478
4.181479704961299 5.8879153708280825
5.628098128219243 9.180983295669067
0.6211051110052546 0.3196690811675862
2.7510198206400416 3.6648600862186367
3.492338582447647 8.02141664744443
6.397189408094233 8.58773107794731
2.9737384014638057 9.599644891617924
5.923878629036526 5.287610814859449
2.931248410208549 1.381604185305666
9.274618893414594 1.1585499305318425
4.349188946454677 4.456373646115122
0.6766158709514414 9.835127529082733
6.324843297291984 8.302099663875426
6.567047074621785 7.539235477544816
8.4709345734769 4.966887917521948
3.033881119953791 8.722399556759177
1.2710212028119594 5.807016939897603
0.12451477399088473 8.273981219156404
1.9463429899639495 7.256167909023596
9.979253523944747 9.043559537470326
7.731484098703385 0.6976083361744356
1.158325846299676 7.943071139068162
8.877915529637038 6.019896455095603
2.988408461231169 0.6646844727763712
3.50750098384594 1.9229778148956034
3.1231783014642 2.2235198116143264
1.271490331872227 8.261236713227932
8.819722919571216 3.8704826995954402
0.5954922458959633 7.793723626668159
8.843161409444114 0.42576953183816935
9.625843299443817 4.61200539542933
6.291880332914797 6.05061889445905
8.16533228854124 4.040457356058068
4.251263615923969 7.617376858522949
1.81526328903164 5.91015946537146
9.166828656775953 6.91122216583258
1.6924711747705712 5.72260909696076
4.131764999838465 9.43683732214213
7.035604879671475 1.158742903557406
2.5700326069830384 7.810980295602077
0.7778639679589494 3.5662388528235844
1.2748842956132533 3.015030551862278
1.6488064973951777 6.297620822578763
1.5998344188266356 8.227711576871139
2.384522883575795 8.655409663036856
3.150913135454909 5.910444347520922
7.097817259958213 6.539070098139992
3.4402603496330486 9.7836329352458
8.514630467385961 8.542245621538553
5.856936512360903 5.764372376220085
4.296577890645388 1.9120219122594784
0.053312126792186554 8.574791764016192
5.002361257422648 1.7141570676476436
4.100764510145738 6.265481264832245
7.9086357075869635 9.185855627188841
5.866337857601223 7.0871670181740765
7.65426948520437 9.25770104295154
3.465621487887003 5.206947012333717
4.967897206949773 4.788794472074752
9.953627956655765 4.747672618147072
0.23738109705598642 8.941474088589802
9.257792805000664 0.09390815589333523
3.377458082907152 5.781221735313511
1.34755516855377 9.331158871101007
0.251239714152941 8.932403436431057
8.234401787156278 7.81044461803269
9.916208447389087 0.372424957817169
6.725709519566827 9.175818555111332
4.044899105653382 7.602594125375937
7.054663718257065 2.298059304882867
5.155163952469291 6.062615516892905
0.7203334417755314 3.9385645948511083
8.50573601737813 8.663400155474143
9.80237740691143 1.4152660101743497
9.951511619999216 3.0070077258795136
4.867252089747146 4.177262922721585
6.128292942241849 1.1972998595366213
9.045300060893393 1.5043680745627308
0.14919322521047995 7.015360425888842
5.467369814074519 3.3023491236379265
0.3726191368679499 7.737016275813379
6.669418974223316 7.892171508944439
6.7623513187895155 7.3805927016358694
8.240104497224628 1.632244202098475
8.025422718438218 0.753859200124195
6.1140346575655276 9.132617391656439
5.123283899659004 9.255762466539846
5.856705603396312 8.982028371945361
6.068195712105144 4.826271699353814
0.1861636592403726 3.081265443944683
3.699749323361403 8.02763053914217
1.585289392410486 2.4919844264319035
1.9997300258755113 3.8890599705439186
2.401297540724241 0.8008821817446843
7.147825778992849 7.805105245409177
6.860574135412758 3.592442064031892
8.712945796708896 3.7352648872130922
5.106717377192899 4.08864492500037
6.8410138526784 1.8485011025903986
4.810789322708539 1.1758379296470556
5.153091431480541 0.07256067537372402
0.5287667911296878 7.038241940110458
5.863359631036419 1.928243277257784
2.639768529929114 1.8240809236917088
2.0752775633166607 7.927549045503044
0.23337479239323167 4.998678344804475
1.122533050033615 4.002077709329253
3.383829436375728 4.160564261438061
2.932320015763683 2.464800967485987
9.859065344079633 6.617546124026765
0.39469775872808865 0.29527872595685345
0.8978856031752036 7.868434602485759
7.585221063003155 7.257406273834317
3.9483027826322727 8.637702334536959
4.031781391369069 1.1960382443913664
4.293211912921895 6.807507082762968
3.5215269595196776 8.429659573503042
6.974696842462701 6.75246571570021
0.960093502347017 7.368011018937974
9.185739148894449 4.449969266329128
3.3144507487437282 4.440281727489742
5.654389606047144 1.0102081684026043
2.889626232609468 7.486630345517982
2.2352956207785546 6.754812889966084
0.07045137073075969 5.556181826111544
7.429850555568015 2.9112843122068846
0.47443566005578863 7.449593197356961
1.4805897815537183 0.46110471457110225
0.43465791434249335 4.0331148499615255
0.26021872809084745 3.4422917532543784
1.8610863272253042 2.5131942281114727
6.801273750077228 3.4675687303279625
8.723931451614993 5.839595151839734
6.639012045086888 4.414302946301306
9.384272066736148 4.294612594200913
3.8818804489320655 4.513784632587294
5.42169144246241 7.816693063625625
2.4364260745607558 8.606297523678105
0.24307414160622764 8.15585689346079
3.7372056591624347 8.944417908261602
6.946028386557865 0.424113907194964
1.6521317814426961 1.827840452697772
4.177056801688959 8.46116333226699
1.9644074066936934 5.344238105596455
6.05066294745363 7.391473672107001
1.1447789514117235 6.015314282223181
7.8063859290718955 8.522291042107176
3.194883326898079 2.316117914466609
1.6480355418473802 7.442187955861376
8.081272392525323 9.239844824418837
2.7419127515902697 1.4316580966920056
9.420775613461526 7.8066086918005695
4.916707140490264 4.838126302516508
2.6850651148517937 7.527713230967312
2.3218534831860405 1.6442055191457672
7.110838255831476 1.9150890346603167
3.1062375944443534 8.615180786212258
9.19414043994375 6.372795024923738
5.666291175567068 3.013245213478921
9.95405177693173 2.422451989333383
3.5388621259456956 9.0963846381033
0.21851020261007936 4.724184524235069
9.27367703680849 4.917694899803608
1.4095243141468483 8.345291965005483
7.844420638867024 2.4073356759692066
7.063855681363952 5.81309559062381
4.5411721211015434 0.06653447495976073
7.218211974835053 5.949301015277592
4.95578305718368 6.514875871880741
8.440358129778055 0.2391463801253757
2.594887515227712 9.38807486917359
2.2544148277050144 1.5572412093449683
2.5095706456037394 7.224999101959578
2.0666145369422892 7.788394479205003
1.5708602448882802 1.086896067322558
6.4211373606635895 9.941895804522028
2.7334593392478856 8.578617981585554
6.614661090465237 2.114825493744429
6.130549746483909 3.6318650421876875
4.667549416000583 7.0842117416215125
0.42158532619694933 3.8140550521127325
0.39475329082457544 7.613256488042909
4.997727349062323 3.628098717100181
8.84267459243016 2.526494159997897
4.8762880809362565 5.603642471535668
0.5923487219349544 7.555867102411281
9.673338867394865 6.028100957962001
5.125088528379078 9.37390375849297
7.840677846999818 4.812771334826229
6.015841875815404 8.37357138352699
7.431197098381766 0.23089018640339076
8.6754939965409 5.387603659092402
0.8017745357988904 3.670386488521223
9.812244651370825 6.319335424166762
5.421627147499883 9.707669546102956
4.288189647433384 2.3403242849010675
1.874289911735424 4.659870950116902
5.476891298075345 5.869608171194821
0.5493745217803403 9.076835495070416
5.459661311286059 6.190364133140704
4.874992121825588 5.704549589107603
2.993721825574027 3.816036020581791
8.182120414815817 6.5691441491848925
6.591456566575781 7.916192657844937
8.522961845462884 7.334463702696721
0.13986655153300775 5.636497705121543
5.921504987691125 1.5471219912301615
2.2389742587929176 2.3403342527690993
9.320519974824364 6.908278479376747
9.712069490812851 3.0571632765502086
9.964484454987371 6.625630778800397
6.2875828331755725 1.7236792845381876
3.712699407244325 6.2912081724864555
8.585263850951026 7.432989321557332
5.002205672765355 6.506715201264475
3.281776446180673 1.4442745263468426
4.445829313307126 8.842013670074909
5.744742544540347 8.287049720368888
7.204070154603088 7.39327601816377
5.944281172394737 7.8454102634715275
5.793670658647754 6.045700847328455
6.503347195972409 0.3952819924118711
0.8789325014835825 2.042298659143127
2.343286581203988 1.893726873563909
0.6081132004929457 0.3069600964829655
2.773259553337497 8.877427720597371
3.078770300042659 9.663270460387729
7.254026856096333 2.476137603093865
2.7340037211477775 4.4342294324433364
6.417195836164034 2.9135890636640607
2.0913535657167373 2.0445750794841
5.321434027215858 8.087027728307838
0.6690075859320954 5.057304260247754
6.558730564319274 1.855713088161598
8.266338442808165 0.5837905797061105
7.298051488834487 7.839451995307337
2.098196554552858 0.044559420670343686
0.8576144943358377 7.57000870280198
8.433935743283138 3.7146343681235496
0.9698916776570443 8.042272421589454
5.718239968061818 5.859658935324891
5.221535072357716 6.292681596063221
3.262092670932609 2.639873994752011
1.6520368541884733 3.4258410638957146
8.382150712292205 8.003893000745398
5.094041322371794 2.3326576577683653
6.88667610643821 8.673872076616032
3.3355567756078597 9.827985625763434
0.5433396808975433 6.36267790747373
0.29455715837363394 9.022150351580239
3.411058271947894 5.860730271495936
3.660566522478186 7.802331709741197
9.490757466435097 8.400465347608835
4.4221984506997885 7.676744178337733
4.709516295997704 7.179906656010888
2.8732768672879008 8.970895709957944
0.7306906914647937 8.04423957522955
0.9440803184704727 0.8341602047419061
7.9534578854889855 2.1053275588437383
3.4878805655098266 8.846749434765313
1.282611987782184 3.8792279848520805
0.3585242492565732 0.6751865393945411
5.975034808755305 1.6145952846984746
5.87717086869073 6.7275708520673145
0.4754027454850773 0.22517895635467688
3.5283882245745843 5.166003283366316
1.4064759622352618 7.826890216789816
7.450874393112688 9.608041613281276
4.196772559244197 9.732504113924502
1.2833934199438701 8.53968843735975
2.3890750338329623 0.22701696563319218
0.6225049289805507 1.3084934528104575
8.466875341176955 5.1664694745327076
3.1718812919328654 3.2757457298702644
4.713431507361809 3.92256903854876
3.55480362963569 2.876497942894064
4.570752652586191 9.430610397173805
3.628523474460714 4.533467231565856
8.423983511453345 6.535337654154608
3.511748765238605 4.9957956451081165
5.801236397613226 9.081506763312436
5.653662588605801 1.8648849605887452
3.840700397019259 9.777558570297394
9.07772838035144 8.337961545563886
0.08735861121755395 2.21645040790405
9.419669935015433 7.107646709130756
0.013216241186676525 5.7863504431928945
1.0339742958159726 9.099895444988913
6.3997238140201995 6.9627413553262505
3.592384807926422 8.108826419695262
8.817208476560113 8.997210995885892
1.532322740262979 8.229505798502828
0.896624167448985 8.884459754255177
9.813827269008195 9.09223633712948
6.302285556277384 7.94778282799594
0.025311274513863946 0.21117277484337005
2.5514788917134545 0.024146774856723674
9.221144061257213 7.031266828158036
4.091255698807805 3.2233131224736864
9.292180101480078 3.309627091920242
7.187229850339674 5.241323699526161
3.400936836593668 6.925815568771404
2.0112450940827884 6.9018642451808185
6.526912845658708 8.859165501056308
0.2651917616230892 2.5688253071096137
1.80401312346685 3.824690366896033
1.9235604241327986 4.980241777644201
9.07120430912495 2.3223708435027355
9.019629005315245 7.508343529677198
4.739601178618734 0.7183075118812388
7.296160706977757 5.831977803145777
9.519915863046945 3.925298432684474
4.901853847814143 6.028455618183816
6.749536459472388 8.745526131569537
4.9336043277889 0.3329569409478139
8.934436666146112 1.2796560442767124
7.048445987579372 3.063778475089439
3.63386055789615 1.2090404487728212
0.563138680684222 7.325300819656589
8.312843090115905 4.0296256706170706
2.1881937222146295 8.16683155107805
5.401309609497741 7.932551372254513
7.200120007261539 5.980215030615833
1.808818567338727 3.1416636777769136
6.793225257103637 4.418049435815932
0.04029436663179564 1.1862695668985779
4.192026277968167 7.706961554148432
7.75441061356763 1.1799844031370799
7.947588884332914 6.8740215358874535
4.70640132345645 8.08650701506359
2.374038207014606 9.505419928608475
2.0101154658734064 3.2178402743610715
5.998875221031749 0.7240123014795696
0.34978390765706746 5.9004917856522034
6.21839961946676 4.428882980163504
4.3183004820506365 2.8334530506982825
4.224658141182801 6.595129847067063
1.0065669821324985 3.0544842155886185
7.569915798831145 8.80067590537125
2.8762777120119907 5.534275549054949
4.084557041777048 2.7051434864034496
4.209491094155401 3.092081709300327
8.55512908518561 2.377968311283305
2.4482839719918594 4.698732344365749
5.977979102593047 1.1627152381218442
3.5954361102229138 6.142735852801666
3.8814707142588567 8.421522666849281
3.1801447047848344 2.7969330292316497
1.7289222326123599 1.980314152774113
2.925309813893402 2.7100612970239393
9.286173512434107 0.1207801166569189
5.61697714925781 8.110186044880832
5.194344824480984 6.327210464541542
9.102177612575403 7.696595420070239
2.159686679085974 7.6528594296287045
4.613157204720451 0.44678449491985184
5.411750690381487 8.509559243482782
6.014497515802292 5.834219252258501
1.3888039284667109 7.13891832008993
9.419428685777564 3.330614551889981
7.421968147295454 0.3098809531059199
8.491310307184447 7.588361776207893
8.764839332373018 2.57248886915714
9.365435190989675 4.905022113937117
5.252588014906304 2.6193551151273042
4.832976739714097 2.450974498683091
1.333838552021377 6.996849520922331
0.971829668085642 1.439376254032414
0.5857079439936042 6.090706899198728
5.5036236437253585 0.23929575756715393
3.295079498149721 3.5243411115320677
6.74203977973975 8.788736449988214
2.856346843684231 0.8617220853555063
8.851894464161635 5.6259353581347575
7.594223693573877 7.425842032328051
9.175135936338636 6.231409875987862
0.4349546577310792 4.021510564844602
1.882003791085014 3.387140998230188
3.448362117614926 9.490378046434294
9.380432959219895 1.3785869017481822
6.541465401702098 7.368039646504878
0.9254723761718431 7.901037808372159
2.1055643897856404 9.21588796450332
0.07522871738401937 0.4423659828295845
4.756382788421983 8.792334897435373
5.199137872181613 0.3197126372760273
5.786207966380311 5.373250849103396
6.722580342932087 2.300007239760249
2.1203472932045706 0.09273172951173247
7.205073086299839 3.600863989007572
9.809061795122648 3.8435522582164117
7.796431735043581 1.4466043376562943
1.6914213878543016 4.376729756663222
6.03569699904209 8.417823028414741
7.362067497870795 9.906859067084907
7.623451690653757 0.33330046759210363
2.5648596371567836 5.5005140147704035
9.846131917860667 2.6890134357469075
7.99334538203294 6.7376206690799645
1.146174328432198 2.0765279309980036
5.393904189695381 8.804711830317217
8.167369597683138 1.1737430132175608
3.151272120648232 7.695693138844261
3.022330221023344 3.6158568300222083
3.9651327449039697 9.15637481014378
8.741050209698756 3.729686117074056
2.552619638526701 5.0130383218199395
4.86771118621397 9.989730274376594
0.8254670709159606 0.6912422630023274
5.759851030250887 0.8909223367075636
1.3598689097931815 0.7751470245963421
1.73403066782156 1.4804759177427862
9.078848639093744 2.311451073219919
4.264902630683136 6.444691545820661
0.4949820709493469 5.022646337824808
9.782122896121248 3.6879946638068697
8.129127937285688 2.697528616376619
4.073665969661635 8.074844453981903
9.666176078863026 8.06522489744542
6.112879138427495 0.6632019987452553
3.898704432040808 6.091612851592609
7.4587695930685 9.251263356368074
9.856817346227425 3.1800450338151096
4.020470074132291 0.29894217737268636
9.99367370937902 4.21296116651641
7.239763871986144 6.172583296061155
9.461444576031035 9.873513439653669
0.7357340081589092 5.696176606292384
2.5468997081549807 8.4280677594471
2.6074726291155113 8.893071224550027
8.417676505913352 0.16675014986925363
9.107842866245985 0.854962862750841
6.362086333146867 4.676706395324306
5.033968302295956 4.156354904462107
2.542258955795763 9.678487435067161
1.5664082518741818 2.8513980690424234
7.358497304836385 3.634608474303147
8.332723230637127 9.565039758840417
6.1360658101994545 1.8270277906253196
7.332350010884438 3.889596506138586
8.321586433322217 6.627229363337955
6.167583737920198 9.023337884144997
5.090577547921834 8.74821063700184
5.784098674426192 2.023495102570018
7.179999692206803 1.1679209361604481
0.19308233408182884 3.214815512674214
5.568121154733195 2.6759264764133874
1.6711967290020913 5.820938879634618
9.722618038185411 0.9008339211668204
2.7996763990021045 6.633970254247819
7.397665840577556 4.358817277465931
8.938250492148146 7.5593257022033225
7.51123935738038 3.039577841058121
3.3299926296567595 4.700231267062182
6.577840130731349 8.274654989394447
3.2968568339336732 7.343152720153585
0.9812151529562829 7.094921177847125
7.137268369254052 8.405696518283941
1.9292875699443202 8.699411951071177
1.8940189845203292 4.2045528910809535
8.829385016414275 7.013602233521114
9.279042344472098 0.16590105034343772
8.15190434416605 7.048210918634709
7.511301907791422 2.213284268529392
9.973275357565472 2.9428623068752646
4.343004133348687 1.4946460994905164
8.403474608768786 5.883253764593559
1.1279937862446276 2.5465593501161274
9.687970872596916 8.483074342805265
4.352918369173263 4.887754300175856
2.5298997250479784 7.293571146525887
4.4845682286998345 2.0273268777275852
2.353880160055961 2.9644086722643315
9.089411305061684 4.580862848314521
3.565666984917395 2.1506841903824614
9.062532831505495 9.889233119958345
2.9570746747259946 2.60535806302695
5.927316387080182 5.478029360898407
6.287190909428025 2.868284649663404
4.731039816457247 1.134015756339939
8.687650108727341 0.892415222748848
4.191862728034153 6.334050320610396
5.0238784838709165 0.11498903049877662
1.0809278775863917 8.366631207605593
0.01853774061440161 7.413771716485264
9.15948874884512 2.4257153673730283
8.853731272867364 5.411520099876674
6.3695942627984214 1.7246063629573938
0.285108220741227 2.9782263965369937
6.627669502178226 0.24425084876029124
9.372849909900896 9.761254518554697
9.57665367888952 7.362212877484117
3.902920958738477 7.690641071881568
9.404143604254532 3.1698502276465987
5.85425874027761 5.28748239167225
4.462881111523654 9.739298824057709
1.5856576515448673 3.123501289731693
0.15521458962440726 0.42261260167466785
9.230649269796317 7.131584720529315
2.436638129481535 6.131585855477644
8.227852500814583 6.493509109798245
0.41298467034079245 9.47365538251668
4.726897782700005 4.641094684712788
6.720400221594549 8.035719891623113
1.942886593811154 2.2451327960437437
4.0882932067025575 0.07835290705156428
4.528754230977341 7.726912205316441
6.668668464118319 5.343730899470929
4.670281681571691 9.991170848471393
6.276339934189616 8.531805339860279
5.590653686872377 0.6792619004226308
1.261756792765204 6.295336572806278
4.564673551731978 2.506882574771164
5.909083457732263 1.8319282786499735
1.4677875310539557 8.113554458397735
3.124552088660951 7.508803835085994
1.4416115541383878 1.0177077983835536
0.7474942539876017 8.498182609165207
3.7352911644761755 8.462959013738354
9.476233637542139 9.215616936311042
9.390128956348873 0.459933781533306
9.735819365136113 9.607518573235126
6.729122774612829 5.920398100399176
7.5587152729473015 7.021754144062214
9.505192716533479 5.99340626278229
0.8244182294143154 3.597045176049103
8.571603530144573 7.021508149896457
6.731118587549128 2.447819678375968
6.896692663813871 0.0401059962312611
0.024175638644159392 1.091097708313522
2.843016082023546 7.54423654048471
0.6719721605878648 1.6811516558855788
5.518664731703265 6.84933607472599
0.6334614327295462 2.664676533744905
6.716547767347895 5.933444955903413
3.82102638506285 1.6232630405995485
0.015464917841992998 2.6314076929651575
9.93280512579626 3.2188030364858653
4.033211336820708 1.2998602997064934
8.455991816943575 5.692486561617035
4.408863301079919 4.484997787866459
8.598252569012644 4.481886339663525
2.6291915835544755 3.298775468359972
5.44777575739639 5.573414471432612
9.69059435399081 2.0779559564846597
2.5619997714257803 6.908574107101119
0.43487626864706863 3.1374688664731707
1.5927221466058594 5.938183233191539
4.0035309239160375 4.414135314770883
1.3018994031944542 1.2837358539336774
9.282569431214307 3.01080861719331
7.516881304886665 7.718395703567737
2.1306772859680057 0.10182069447815412
5.428794075558907 5.77749750165252
0.7947870636141674 6.752172393474383
0.8785526884887318 1.9585843244727685
4.341750503979494 1.3746250133877569
3.8256668563734406 6.656568340306458
5.030667521717131 4.109437170743101
2.398295025775745 0.8616307954832747
9.602143695086646 7.005332663923482
7.609319050268568 0.4459826102536668
5.250448274791526 8.026183481899343
0.1871676076509332 9.817501783601532
2.235450634291958 9.286230230916383
0.3164106207567774 3.2270625011898146
8.632111997527044 6.008886849242165
1.7148323023361778 0.2922476841262611
0.40996832067499045 4.818847864547514
9.519566165719981 3.3659981547634343
5.404560482841298 1.0298071263247166
0.09234621963358447 5.830564822300542
4.644369781232224 9.682098199604047
0.733931825422528 2.3646571090390456
6.248101084214294 9.666235878172893
5.06935256703113 0.8127753772041924
1.184107473659971 4.870236768943216
2.7795837861818717 8.529668672575017
8.271217072893952 8.81477379357269
7.416291531884846 1.5206700920452954
6.1159228964983345 9.677206143930233
7.720287286561112 7.67666268189116
6.048203907017225 6.451716939607479
2.4881125597223797 1.5965459344121413
9.361411119435797 5.645569293590066
2.107677247074571 6.750917039101281
5.792783902365841 5.533958853322193
7.274675417255796 3.1179744842842974
1.1986127820609283 6.1013393204321265
1.2965549394769194 1.9073464129476858
4.266325178847579 6.860027849169729
7.924902079455311 6.571923280846303
2.9508761814511164 6.112801043752994
7.017429008302022 1.1935818423419586
8.489824977720984 2.6615809996206377
1.8115997481917145 1.4659470119358697
0.32105981145015616 1.3327576211004888
2.904156357835449 8.536530148586825
9.298403258045582 6.8008708538922145
8.49133246480018 7.824645469382913
8.830726235818485 5.313458861283217
8.865158859952256 1.0431718857248207
7.52583815453627 8.148654892697428
4.430805440862154 9.243508016719622
3.9524759167590506 1.9947535059793775
0.5021623876613868 7.566715533297411
8.604389128834812 0.9215070928553881
5.246747146778001 5.6173993851356565
4.3534086239189005 2.610308561298761
2.7705837961550337 9.637672501801347
1.6930424332129368 5.621962043816017
0.04601821177562693 3.4083642399415695
5.065708688522278 0.9394776152820561
6.549030779867743 5.660689576851578
7.76091892743958 0.27835346985465637
6.97454184243707 8.548351155480802
4.11840184815738 0.03592605008408856
6.162187292949499 9.642609765218154
5.590624155586113 3.520822805162517
8.820386778364423 7.515368115461662
6.187298634255019 2.3902028420519796
4.627424558303698 0.6928362332608562
0.37614555643079584 1.9394046858459546
1.861988388928738 3.136878241840212
0.9837969000635483 5.684107533627529
8.591072359512227 6.343621954548091
7.1199739226612095 9.960494046953585
3.0009939002870514 6.6599400871368015
3.0853560509772238 1.9753431700821233
2.01324746236104 5.9113527662698395
3.5584307250358496 3.408476574871208
5.486161170150982 4.158215302977322
7.779320535893365 5.505410363719206
8.466157642836409 9.24258328124272
2.653707035206682 9.676921449166592
6.041984045243244 4.102988686846368
0.9403701970257894 9.896211211386458
9.088347851863055 5.831543979041605
9.128098666036355 0.11454640077685263
1.3672173671842713 3.0139155713545582
2.9855255827014338 2.9788993528859065
3.0024803524214416 8.08550528985227
2.245096466665697 5.8464404692445875
4.348102238933285 6.499606379859491
9.3279807396414 9.566945947041896
1
1
1
1
1
1
1
1
1
1
1
1
1
1
1
1
1
1
1
1
1
1
1
1
1
1
1
1
1
1
1
1
1
1
1
1
1
1
1
1
1
1
1
1
1
1
1
1
1
1
1
1
1
1
1
1
1
1
1
1
1
1
1
1
1
1
1
1
1
1
1
1
1
1
1
1
1
1
1
1
1
1
1
1
1
1
1
1
1
1
1
1
1
1
1
1
1
1
1
1
1
1
1
1
1
1
1
1
1
1
1
1
1
1
1
1
1
1
1
1
1
1
1
1
1
1
1
1
1
1
1
1
1
1
1
1
1
1
1
1
1
1
1
1
1
1
1
1
1
1
1
1
1
1
1
1
1
1
1
1
1
1
1
1
1
1
1
1
1
1
1
1
1
1
1
1
1
1
1
1
1
1
1
1
1
1
1
1
1
1
1
1
1
1
1
1
1
1
1
1
1
1
1
1
1
1
1
1
1
1
1
1
1
1
1
1
1
1
1
1
1
1
1
1
1
1
1
1
1
1
1
1
1
1
1
1
1
1
1
1
1
1
1
1
1
1
1
1
1
1
1
1
1
1
1
1
1
1
1
1
1
1
1
1
1
1
1
1
1
1
1
1
1
1
1
1
1
1
1
1
1
1
1
1
1
1
1
1
1
1
1
1
1
1
1
1
1
1
1
1
1
1
1
1
1
1
1
1
1
1
1
1
1
1
1
1
1
1
1
1
1
1
1
1
1
1
1
1
1
1
1
1
1
1
1
1
1
1
1
1
1
1
1
1
1
1
1
1
1
1
1
1
1
1
1
1
1
1
1
1
1
1
1
1
1
1
1
1
1
1
1
1
1
1
1
1
1
1
1
1
1
1
1
1
1
1
1
1
1
1
1
1
1
1
1
1
1
1
1
1
1
1
1
1
1
1
1
1
1
1
1
1
1
1
1
1
1
1
1
1
1
1
1
1
1
1
1
1
1
1
1
1
1
1
1
1
1
1
1
1
1
1
1
1
1
1
1
1
1
1
1
1
1
1
1
1
1
1
1
1
1
1
1
1
1
1
1
1
1
1
1
1
1
1
1
1
1
1
1
1
1
1
1
1
1
1
1
1
1
1
1
1
1
1
1
1
1
1
1
1
1
1
1
1
1
1
1
1
1
1
1
1
1
1
1
1
1
1
1
1
1
1
1
1
1
1
1
1
1
1
1
1
1
1
1
1
1
1
1
1
1
1
1
1
1
1
1
1
1
1
1
1
1
1
1
1
1
1
1
1
1
1
1
1
1
1
1
1
1
1
1
1
1
1
1
1
1
1
1
1
1
1
1
1
1
1
1
1
1
1
1
1
1
1
1
1
1
1
1
1
1
1
1
1
1
1
1
1
1
1
1
1
1
1
1
1
1
1
1
1
1
1
1
1
1
1
1
1
1
1
1
1
1
1
1
1
1
1
1
1
1
1
1
1
1
1
1
1
1
1
1
1
1
1
1
1
1
1
1
1
1
1
1
1
1
1
1
1
1
1
1
1
1
1
1
1
1
1
1
1
1
1
1
1
1
1
1
1
1
1
1
1
1
1
1
1
1
1
1
1
