5
4
1.0630840452991364 0.8556578174212057
1.3428862817067861 0.9081603565873839
3.954646097924316 3.250972982416984
3.7938346384031836 3.2050120087803444
3.9706503320267768 3.6609345575089955
0.9096361739359652
1.219556084451141
12.856447619372704
12.159285575409038
14.536291016301394
80
-2.5557897135515897 -1.3245488223243045
-3.294777577528602 -2.808843403443912
-3.217787952215633 -4.662182447709953
-3.4280771195670368 -1.543355583405845
-2.8281258114212515 -4.513616221612271
-1.7649823301983671 -3.3031261358255852
-2.883858515608063 -1.73150848020362
-3.4439214208734716 -2.045163651158439
-2.492189006076504 -1.7687461699040714
-2.585296857356184 -3.1087971797431093
-2.059073765487211 -1.9622748220472566
-4.325775895866939 -3.0995105807231518
-4.38343074294163 -3.9278467759877995
-3.5563045397743633 -1.9428769135930501
-2.578225727081953 -2.248040100100758
-2.967688641851964 -2.29321884605046
-4.627104658030268 -4.531992769709444
-3.7875152528909424 -3.059404557318445
-3.6995261712729066 -3.221082968059224
-2.7055598269997505 -2.4803756459630106
-3.370820437543624 -2.5410003799526235
-2.655666516382757 -3.6360829164478767
-3.918268207976368 -1.6743323470560203
-2.7189001689709813 -2.645331570752634
-2.2897296248612715 -3.1458674786331695
-3.439276958622009 -2.3469299369042114
-3.006878350876766 -1.5998967962428077
-3.1968796488851687 -3.595930325839209
-4.99597045748913 -4.0222336031555495
-2.9881634923531584 -2.4182756135363404
-4.269769921167667 -3.7053605705268122
-1.9165023218254738 -2.6436214449813673
-2.27769659008978 -3.83528036233193
-1.4175215477992795 -2.9816782979246086
-3.062685602208392 -2.3438814173430975
-3.494267013668276 -3.567123323186214
-4.077402489149026 -2.0146851519423725
-3.730974778380844 -4.719123073858231
-2.5008394701889864 -2.688416621112358
-2.5830343713911152 -4.215103600794413
2.033871533172733 -2.6753230959920336
0.8739829302555076 -4.814628773632439
3.6022783720337723 -3.037889798134296
2.3464902444690283 -1.845925316539109
3.709144758754231 -2.5982765765822258
2.780187115311789 -3.0982518304426057
2.6279524788939495 -2.6351670742505795
1.5785337030318867 -2.4837554034442713
1.764266899108788 -2.6950425204394644
3.2570448809300654 -3.999563289678648
4.850041733859069 -4.046890560899645
4.124743391021934 -2.5914237096278963
3.885218667503496 -4.434218341872981
4.751610947534592 -2.6901208492758033
3.9035227905069547 -2.4579387986968726
0.3937167225787994 -3.2081941665129707
2.9650113556864537 -3.834797589492336
3.9206563986969853 -3.5293889905555886
3.947568813050314 -4.462979039344084
2.221886076075922 -5.494933738352662
3.5592695835692956 -1.3707938771819308
4.159230597319013 -4.30796076469744
1.467499594760354 -4.159500029890748
2.597741264652597 -3.427788226258047
2.097056586186226 -1.469342122421025
4.192853800191088 -2.3031746569411413
2.6729458614661428 -1.537296527464817
2.250983778110506 -3.1905392370935024
2.368635549725383 -3.171236238166743
3.3577442524316354 -3.87781336385225
3.5373502282653213 -2.3201281915050456
2.746277412025847 -2.629748411780381
5.19242556171673 -2.3563492854262034
3.494015299834293 -2.722730990064514
2.6059174430430208 -4.160969381635157
2.9395361620320606 -2.696732957458044
3.7937115102390138 -2.0426887593205225
5.5069950477815235 -3.557527773189121
1.4275423571557073 -3.7958160010974886
3.766310822371354 -4.827326027951977
3.0044594273614535
0.12343466462053802
2.81028208160533
2.305062976691737
2.320574803027409
1.6171540989428062
1.6225595801920922
1.1087786809794056
1.7738579996754626
0.18381552283871178
1.9622157237514688
1.7675840817376436
2.7747802602269833
1.4269839607881218
0.7433372283520253
0.5005836234436142
4.994471414625809
0.6237091749660854
0.5382145430616077
0.3567044847847753
0.3481884481036809
0.5231670245368226
2.60061122784213
0.20480680970933662
0.5257613271225082
0.6194647536881395
1.960336292881938
0.39389454939997315
5.0288596065897435
0.338543364719795
2.1098491871560525
1.300972893086758
1.2194154996652915
2.5045737364465275
0.43442107923193135
0.5659287445023305
2.1316414734273437
3.4897082697006976
0.3462454365202515
1.6503370961047517
1.0388193064102038
7.812826166939727
0.36417487422230876
1.7589633755795062
0.664267997791093
0.05797112646027519
0.2715224216720393
2.2870749168892277
1.620035360978125
1.0651988408855522
4.518634263521043
1.4319822807017497
2.840594341461548
3.164165999576579
1.110183778923664
6.836057333135426
0.6981112206531143
1.1278609077831676
3.038194325025721
6.830155637374916
2.9670950577336592
3.0545769397485074
3.692997811376325
0.3448148566882982
3.1582203467442445
1.9084657473594162
2.2464658580986065
0.5973305015257857
0.42794291833206716
0.8985372519054721
0.750970943802993
0.2014613902274521
5.221016086040279
0.3209292203409712
1.5031509667920695
0.09562677479395787
1.5464227730171765
6.595861387478303
3.105946146142227
3.92635268891421
