Instance: n=60, m=3, k=2
a = [5, 3, 1]
b = [3, 2, 1]
wel = [1.5, 0.6, 0.1]
X = [14.86, 45.48, 24.91, 8.14, 43.23, 23.18, 24.8, 9.02, 36.38, 30.16, 41.91, 8.91, 24.93, 6.91, 16.24, 45.42, 41.84, 24.8, 19.72, 30.44, 7.56, 5.39, 18.18, 16.57, 21.37, 29.18, 32.94, 24.37, 44.15, 25.89, 27.88, 41.5, 12.22, 36.47, 49.24, 44.88, 20.54, 39.16, 14.68, 43.28, 2.46, 49.32, 10.54, 43.26, 4.98, 15.09, 40.45, 2.58, 22.89, 34.6, 5.96, 28.93, 29.75, 15.21, 23.83, 30.49, 30.95, 11.68, 3.5, 46.19]
Y = [45.25, 43.7, 28.81, 13.7, 24.62, 42.45, 14.55, 34.21, 6.95, 24.62, 36.21, 11.1, 6.06, 18.02, 46.59, 31.1, 40.91, 16.75, 32.94, 12.95, 3.63, 32.36, 14.41, 4.56, 46.72, 13.27, 38.09, 7.86, 31.28, 10.39, 21.31, 19.72, 16.3, 31.93, 16.91, 6.8, 0.27, 38.72, 5.73, 36.05, 22.46, 35.4, 23.69, 4.7, 19.14, 32.86, 6.59, 2.67, 39.04, 22.13, 29.48, 26.49, 18.1, 44.44, 8.49, 26.29, 29.81, 41.49, 4.94, 8.48]
wpnt = [1, 1, 1, 1, 1, 1, 1, 1, 1, 1, 1, 1, 1, 1, 1, 1, 1, 1, 1, 1, 1, 1, 1, 1, 1, 1, 1, 1, 1, 1, 1, 1, 1, 1, 1, 1, 1, 1, 1, 1, 1, 1, 1, 1, 1, 1, 1, 1, 1, 1, 1, 1, 1, 1, 1, 1, 1, 1, 1, 1]

Solution: 
Time in Phase 1: 12.3773
Ell(i): 80
Ell(i): 45
Ell(i): 54
Time in Phase 2: 1e-05
Number of solutions attempted: 47
Maximum Cover has value:12

0-th ellipse solution 
Weight: 6 (xc, yc, theta) -> (26.3983, 10.691, 1.44736)

1-th ellipse solution 
Weight: 4 (xc, yc, theta) -> (31.2433, 27.3604, 1.0227)

2-th ellipse solution 
Weight: 2 (xc, yc, theta) -> (14.86, 45.25, 0)

