Instance: n=60, m=4, k=4
a = [7, 5, 3, 1]
b = [4, 3, 2, 1]
wel = [2.8, 1.5, 0.6, 0.1]
X = [1.83, 16.47, 1.04, 28.16, 43.65, 35.88, 32.51, 46.66, 21.24, 24.89, 13.09, 4.33, 37.46, 43.03, 25.42, 29.85, 8.74, 48.72, 17, 7.21, 39.63, 30.65, 28.44, 26.61, 2.96, 21.62, 48.66, 30.66, 49.66, 26.35, 5.45, 2.32, 2.51, 23.97, 27.93, 30.17, 24.27, 39.69, 38.13, 2.39, 17.81, 7.14, 49.96, 2.58, 11.5, 24.69, 35.13, 31.15, 28.05, 7.16, 36.31, 23.53, 48.15, 13.29, 29.53, 27.38, 39.69, 13.81, 22.33, 39.27]
Y = [26.98, 21.48, 20.69, 47.44, 12.75, 20, 35.35, 4.47, 25.65, 21.95, 47.15, 14.61, 23.7, 40.23, 31.76, 27.24, 46.31, 9.78, 26.88, 10.66, 43.09, 22.14, 27.31, 49.68, 1.5, 16.05, 25.95, 36.12, 23.69, 25.07, 6.2, 14.2, 1.04, 19.51, 31.19, 17.55, 10.82, 2.71, 16.3, 41.09, 24.01, 16.47, 37.81, 49.62, 28.94, 16.95, 27.01, 37.65, 5.12, 5.98, 37.33, 10.58, 13.23, 36.29, 15.68, 47.34, 34.53, 39.65, 16.39, 33.83]
wpnt = [1, 1, 1, 1, 1, 1, 1, 1, 1, 1, 1, 1, 1, 1, 1, 1, 1, 1, 1, 1, 1, 1, 1, 1, 1, 1, 1, 1, 1, 1, 1, 1, 1, 1, 1, 1, 1, 1, 1, 1, 1, 1, 1, 1, 1, 1, 1, 1, 1, 1, 1, 1, 1, 1, 1, 1, 1, 1, 1, 1]

Solution: 
Time in Phase 1: 18.2414
Ell(i): 122
Ell(i): 79
Ell(i): 46
Ell(i): 51
Time in Phase 2: 2e-05
Number of solutions attempted: 77
Maximum Cover has value:21

0-th ellipse solution 
Weight: 9 (xc, yc, theta) -> (28.1145, 20.4781, 1.37093)

1-th ellipse solution 
Weight: 6 (xc, yc, theta) -> (35.2809, 34.9052, -0.49049)

2-th ellipse solution 
Weight: 4 (xc, yc, theta) -> (23.0425, 13.5146, -1.28939)

3-th ellipse solution 
Weight: 2 (xc, yc, theta) -> (6.24033, 5.58731, -0.127952)

