Instance: n=60, m=5, k=3
a = [9, 7, 5, 3, 1]
b = [5, 4, 3, 2, 1]
wel = [4.5, 2.8, 1.5, 0.6, 0.1]
X = [26.91, 31.84, 21.66, 27.66, 11.32, 42.97, 49.8, 49.76, 37.51, 48.91, 46.2, 41.77, 48.99, 3.91, 44.58, 8.18, 45.51, 26.11, 14.13, 33.64, 19.35, 40.01, 32.27, 14.33, 42.39, 10.12, 36.63, 2.27, 48.77, 6.56, 14.54, 14.84, 4.77, 27.23, 44.72, 44.34, 37.47, 33.22, 24.13, 39.52, 10.78, 5.1, 1.52, 33.03, 13.56, 43.65, 4.33, 38.15, 49.43, 28, 26.24, 8.22, 6.68, 33.46, 38.98, 47.32, 22.62, 47.17, 9.79, 24.44]
Y = [37.16, 4.63, 24.11, 16.46, 15.58, 14.57, 5.66, 45.18, 2.61, 40.33, 23.39, 13.69, 46.89, 20.95, 8.36, 21.49, 40.02, 17.17, 3.77, 25.44, 26.61, 19.15, 39.78, 19.78, 13.24, 38.59, 1.88, 35.62, 6.18, 43.35, 14.75, 10.05, 40.95, 18.89, 10.87, 14.07, 34.35, 19.74, 47.54, 16.51, 49.64, 47.41, 7.37, 0.3, 39.59, 28.1, 8.48, 9.1, 15.38, 44.15, 22.33, 13.72, 41.44, 30.81, 22.98, 49.76, 2.42, 24.14, 30.2, 23.34]
wpnt = [1, 1, 1, 1, 1, 1, 1, 1, 1, 1, 1, 1, 1, 1, 1, 1, 1, 1, 1, 1, 1, 1, 1, 1, 1, 1, 1, 1, 1, 1, 1, 1, 1, 1, 1, 1, 1, 1, 1, 1, 1, 1, 1, 1, 1, 1, 1, 1, 1, 1, 1, 1, 1, 1, 1, 1, 1, 1, 1, 1]

Solution: 
Time in Phase 1: 24.3094
Ell(i): 147
Ell(i): 111
Ell(i): 64
Ell(i): 43
Ell(i): 52
Time in Phase 2: 0.005297
Number of solutions attempted: 5338
Maximum Cover has value:28

0-th ellipse solution 
Weight: 11 (xc, yc, theta) -> (38.6942, 7.08219, 0.850765)

1-th ellipse solution 
Weight: 7 (xc, yc, theta) -> (24.5863, 22.4202, -0.884745)

2-th ellipse solution 
Weight: 5 (xc, yc, theta) -> (9.3096, 39.8075, -0.531895)

3-th ellipse solution 
Weight: 3 (xc, yc, theta) -> (47.654, 46.998, -1.08129)

4-th ellipse solution 
Weight: 2 (xc, yc, theta) -> (46.8222, 23.6712, 0)

