Instance: n=70, m=4, k=1
a = [7, 5, 3, 1]
b = [4, 3, 2, 1]
wel = [2.8, 1.5, 0.6, 0.1]
X = [45.33, 0.78, 40.97, 18.11, 37.06, 25, 12.6, 33.94, 11.76, 47.04, 12.91, 38.64, 8.95, 42.25, 18.83, 15.11, 45.48, 44.62, 47.83, 5.47, 37.99, 8.25, 29, 11.34, 39.43, 32.06, 32.8, 4.94, 23.14, 23.03, 28.71, 6.12, 4.04, 10.63, 13.46, 36.76, 46.57, 2.04, 37.2, 16.33, 21.76, 28.97, 19.09, 46.32, 31.11, 34.19, 7.49, 34.01, 41.06, 13.4, 10.74, 5.97, 45.17, 32.88, 21.39, 9, 47.6, 47.71, 21.9, 8.92, 13.38, 12.83, 33.42, 32.41, 41.48, 29, 45.97, 9.53, 42.97, 23.52]
Y = [13.96, 30.46, 31.93, 19.02, 25.27, 23.36, 48.53, 10.75, 47.23, 41.29, 24.42, 2.6, 2.44, 31.28, 31.52, 14.16, 15.9, 36.45, 12.72, 34.89, 30.47, 0.59, 42.19, 40.76, 8.38, 2.34, 20.69, 41.75, 47.19, 41.97, 38.14, 24.19, 0.74, 1.87, 16.1, 1.45, 45.01, 25.57, 13.38, 26.63, 48.39, 4.57, 33.92, 42.22, 19.35, 9.82, 40.32, 11.53, 44.64, 4.52, 0.16, 7.31, 8.01, 32.37, 49.21, 43.15, 37.98, 16.69, 44.03, 3.01, 43.11, 20.87, 46.84, 24.48, 45.81, 2.22, 34.97, 41.14, 42.4, 14.36]
wpnt = [1, 1, 1, 1, 1, 1, 1, 1, 1, 1, 1, 1, 1, 1, 1, 1, 1, 1, 1, 1, 1, 1, 1, 1, 1, 1, 1, 1, 1, 1, 1, 1, 1, 1, 1, 1, 1, 1, 1, 1, 1, 1, 1, 1, 1, 1, 1, 1, 1, 1, 1, 1, 1, 1, 1, 1, 1, 1, 1, 1, 1, 1, 1, 1, 1, 1, 1, 1, 1, 1]

Solution: 
Time in Phase 1: 29.1197
Ell(i): 110
Ell(i): 71
Ell(i): 55
Ell(i): 60
Time in Phase 2: 1.3e-05
Number of solutions attempted: 44
Maximum Cover has value:24

0-th ellipse solution 
Weight: 9 (xc, yc, theta) -> (43.6748, 40.9954, -1.42532)

1-th ellipse solution 
Weight: 7 (xc, yc, theta) -> (10.6483, 44.1951, 0.900883)

2-th ellipse solution 
Weight: 5 (xc, yc, theta) -> (9.80369, 2.16253, -0.171004)

3-th ellipse solution 
Weight: 3 (xc, yc, theta) -> (33.94, 10.75, 0)

