Instance: n=70, m=5, k=2
a = [9, 7, 5, 3, 1]
b = [5, 4, 3, 2, 1]
wel = [4.5, 2.8, 1.5, 0.6, 0.1]
X = [19.79, 1.44, 26.56, 33.22, 4.96, 20.14, 33.55, 44.92, 19.8, 21.04, 1.36, 8.54, 20.78, 48.13, 35.92, 3.91, 40.65, 29.82, 44.93, 43.2, 24.26, 31.1, 41.71, 48.04, 4.41, 20.29, 37.44, 29.76, 34.55, 38.78, 0.44, 26.16, 48.03, 8.3, 19.03, 42.86, 14.84, 1.11, 49.98, 18.06, 18.23, 10.16, 17.17, 13.89, 17.8, 22.18, 45.37, 9.33, 4.33, 36.36, 19.12, 16.66, 3.18, 40.51, 16.92, 7.55, 46.91, 40.83, 7.63, 15.8, 7.4, 43.66, 36.33, 46.17, 20.62, 14.02, 11.75, 23.7, 48.45, 18.09]
Y = [18.08, 24.12, 39.59, 25.99, 11.22, 31.21, 28.36, 40.23, 28.38, 8.78, 18.36, 23.98, 5.72, 30.56, 22.56, 5.7, 5.34, 17.21, 13.05, 49.89, 13.34, 7.81, 26.02, 11.51, 19.08, 5.77, 28.83, 8.22, 27.88, 20.46, 42.69, 41.09, 5.99, 42.96, 1.5, 43.3, 23.96, 6.55, 49.15, 4.39, 38.34, 5.68, 39.91, 1.72, 2.68, 18.24, 48.34, 43.4, 17.63, 23.36, 29.22, 33.96, 17.77, 3.16, 8.57, 35.16, 17.71, 14.09, 4.73, 25.42, 37.98, 2.77, 2.99, 40.66, 32.53, 39.74, 30.68, 14.93, 14.22, 15.37]
wpnt = [1, 1, 1, 1, 1, 1, 1, 1, 1, 1, 1, 1, 1, 1, 1, 1, 1, 1, 1, 1, 1, 1, 1, 1, 1, 1, 1, 1, 1, 1, 1, 1, 1, 1, 1, 1, 1, 1, 1, 1, 1, 1, 1, 1, 1, 1, 1, 1, 1, 1, 1, 1, 1, 1, 1, 1, 1, 1, 1, 1, 1, 1, 1, 1, 1, 1, 1, 1, 1, 1]

Solution: 
Time in Phase 1: 38.9226
Ell(i): 195
Ell(i): 114
Ell(i): 84
Ell(i): 53
Ell(i): 55
Time in Phase 2: 0.000243
Number of solutions attempted: 492
Maximum Cover has value:33

0-th ellipse solution 
Weight: 11 (xc, yc, theta) -> (15.6333, 32.91, 1.52093)

1-th ellipse solution 
Weight: 9 (xc, yc, theta) -> (19.9487, 11.6797, 1.28269)

2-th ellipse solution 
Weight: 6 (xc, yc, theta) -> (37.6667, 25.6255, -0.470941)

3-th ellipse solution 
Weight: 4 (xc, yc, theta) -> (16.5861, 2.62983, 0.0220423)

4-th ellipse solution 
Weight: 3 (xc, yc, theta) -> (3.68346, 18.3929, 1.51568)

