Instance: n=100, m=3, k=1
a = [5, 3, 1]
b = [3, 2, 1]
wel = [1.5, 0.6, 0.1]
X = [15.65, 44.42, 23.99, 9.99, 32.88, 11.1, 38.92, 7.11, 28.05, 43.67, 33.7, 41.63, 38.67, 29.52, 38.19, 14.21, 44, 8.95, 22.15, 32.38, 16.29, 30.38, 40.29, 19.94, 19.71, 29.98, 45.08, 44.06, 23.03, 14.62, 12.3, 15.06, 37.47, 24.29, 42.94, 14.66, 0.14, 14.44, 32.52, 8.77, 47.99, 5.65, 10.36, 26.81, 23.29, 44.62, 20.26, 41.9, 33.68, 17.36, 22.86, 35.85, 27.06, 13.43, 34.67, 11.82, 10.96, 25.72, 17.18, 4.72, 43.95, 26.06, 9.01, 21.95, 34.15, 19.31, 21.33, 30.02, 5.46, 7.97, 15.66, 22.78, 37.25, 47.94, 1.03, 44.89, 1.99, 9.19, 38.92, 3.68, 20.45, 30.09, 28.17, 40.16, 3.57, 23.76, 17.91, 45.84, 45.04, 9.59, 46.43, 41.05, 25.44, 9.41, 31.38, 37.43, 36.09, 43.6, 27.64, 47.89]
Y = [5.28, 5.11, 13.52, 14.39, 47.35, 25.35, 46.82, 14.73, 32.23, 11.64, 31.47, 40.65, 1.42, 30.88, 38.72, 3.84, 8.64, 17.99, 18.94, 5.03, 43.47, 5.21, 37.49, 18.34, 13.61, 3.41, 21.61, 33.74, 23.58, 11.22, 28.84, 6.3, 24.01, 9.62, 6.67, 9.23, 45.04, 40.43, 34.38, 2.24, 38.75, 43.06, 49.71, 33.4, 41.43, 35.6, 9.67, 7.74, 16.19, 26.63, 32.02, 23, 0.29, 9.58, 22.2, 32.65, 17.47, 21.32, 2.52, 40.47, 49.33, 14.21, 17.96, 42.69, 39.31, 7.02, 5.17, 48.38, 43.45, 40.13, 19.78, 26.62, 48.5, 4.43, 2.65, 44.98, 20.96, 10.99, 31.14, 23.07, 23, 41.78, 10.11, 33.63, 48.13, 19.23, 46.54, 5.16, 43.78, 46.07, 4.48, 48.42, 0.24, 14.36, 13.09, 1.82, 17.53, 14.26, 33.76, 31.2]
wpnt = [1, 1, 1, 1, 1, 1, 1, 1, 1, 1, 1, 1, 1, 1, 1, 1, 1, 1, 1, 1, 1, 1, 1, 1, 1, 1, 1, 1, 1, 1, 1, 1, 1, 1, 1, 1, 1, 1, 1, 1, 1, 1, 1, 1, 1, 1, 1, 1, 1, 1, 1, 1, 1, 1, 1, 1, 1, 1, 1, 1, 1, 1, 1, 1, 1, 1, 1, 1, 1, 1, 1, 1, 1, 1, 1, 1, 1, 1, 1, 1, 1, 1, 1, 1, 1, 1, 1, 1, 1, 1, 1, 1, 1, 1, 1, 1, 1, 1, 1, 1]

Solution: 
Time in Phase 1: 58.4936
Ell(i): 178
Ell(i): 102
Ell(i): 83
Time in Phase 2: 2.2e-05
Number of solutions attempted: 74
Maximum Cover has value:18

0-th ellipse solution 
Weight: 9 (xc, yc, theta) -> (10.8328, 13.5978, -0.945228)

1-th ellipse solution 
Weight: 6 (xc, yc, theta) -> (44.1434, 6.03533, -0.982929)

2-th ellipse solution 
Weight: 3 (xc, yc, theta) -> (27.7216, 33.067, 0)

