Instance: n=100, m=5, k=1
a = [9, 7, 5, 3, 1]
b = [5, 4, 3, 2, 1]
wel = [4.5, 2.8, 1.5, 0.6, 0.1]
X = [7.18, 41.49, 16.91, 33.17, 45.22, 14.17, 5.09, 40.11, 30.61, 29.58, 28.18, 40.25, 9.68, 45.27, 43.01, 6.96, 41.28, 46.09, 31.44, 40.23, 41.45, 29.21, 33.91, 25.52, 0.92, 25.24, 35.95, 40.83, 5.78, 40.59, 48.07, 48.98, 45.99, 47.54, 24.34, 4.09, 42.17, 12.32, 2.62, 40.6, 42.94, 32.64, 31.33, 24.53, 9.58, 35.9, 12.66, 47, 29.96, 36.09, 32.31, 20.08, 23.48, 0.55, 20.24, 29.64, 6.99, 42.08, 35.75, 25.43, 31.73, 2.97, 46.2, 3.04, 44.51, 30.45, 29.32, 1.28, 32.93, 28.9, 42.98, 16.36, 20.83, 38.29, 25.06, 1.91, 25.04, 1.17, 4.86, 47.41, 43.35, 26.18, 28.4, 25.46, 29.29, 14.51, 12.91, 22.25, 39.32, 40.32, 24.27, 21.16, 47.12, 20.56, 26.55, 1.34, 45.84, 42.55, 4.97, 35.56]
Y = [29.31, 45.9, 33, 32.04, 12.19, 2.55, 29.52, 28.98, 31.6, 10.72, 30.85, 11.73, 40.29, 44.95, 11.97, 0.19, 48.45, 8.19, 29.26, 26.66, 4.4, 46.54, 19.32, 14.52, 5.1, 29.1, 15.49, 45.63, 36.1, 48.79, 47.55, 39.35, 45.08, 27.44, 37.77, 15.79, 33.3, 26.08, 37.84, 3.54, 15.84, 28.89, 23.47, 37.11, 15.11, 7.65, 34.88, 8.65, 44.54, 4.29, 40.18, 24.47, 32.4, 26.1, 41.15, 13.19, 12.28, 38.32, 16.61, 45.33, 11.32, 44.39, 49.97, 26.16, 39.13, 26.81, 0.53, 2.8, 1.83, 3.18, 8.55, 49.98, 8.45, 6.58, 13.72, 6.79, 4.89, 21.25, 4.21, 49.36, 27.86, 22.66, 27.46, 11.33, 4.36, 22.28, 30.87, 33.74, 10.55, 14.38, 42.23, 49.31, 22.33, 1.98, 17.97, 19.89, 27.51, 24.23, 18.02, 34.27]
wpnt = [1, 1, 1, 1, 1, 1, 1, 1, 1, 1, 1, 1, 1, 1, 1, 1, 1, 1, 1, 1, 1, 1, 1, 1, 1, 1, 1, 1, 1, 1, 1, 1, 1, 1, 1, 1, 1, 1, 1, 1, 1, 1, 1, 1, 1, 1, 1, 1, 1, 1, 1, 1, 1, 1, 1, 1, 1, 1, 1, 1, 1, 1, 1, 1, 1, 1, 1, 1, 1, 1, 1, 1, 1, 1, 1, 1, 1, 1, 1, 1, 1, 1, 1, 1, 1, 1, 1, 1, 1, 1, 1, 1, 1, 1, 1, 1, 1, 1, 1, 1]

Solution: 
Time in Phase 1: 115.281
Ell(i): 611
Ell(i): 365
Ell(i): 184
Ell(i): 103
Ell(i): 84
Time in Phase 2: 0.000138
Number of solutions attempted: 120
Maximum Cover has value:41

0-th ellipse solution 
Weight: 14 (xc, yc, theta) -> (40.8936, 10.4154, -1.01529)

1-th ellipse solution 
Weight: 11 (xc, yc, theta) -> (27.8688, 32.1207, -0.659068)

2-th ellipse solution 
Weight: 9 (xc, yc, theta) -> (44.8997, 47.9001, 0.212837)

3-th ellipse solution 
Weight: 5 (xc, yc, theta) -> (27.3019, 12.4904, -0.402986)

4-th ellipse solution 
Weight: 2 (xc, yc, theta) -> (1.58961, 5.84272, 1.04088)

