Instance: n=100, m=4, k=2
a = [7, 5, 3, 1]
b = [4, 3, 2, 1]
wel = [2.8, 1.5, 0.6, 0.1]
X = [4.3, 21.32, 15.35, 44.4, 2.59, 29.08, 3.29, 37.48, 11.89, 9.96, 33.66, 6.21, 26.44, 4.7, 27.58, 36.31, 38.78, 34.24, 49.02, 6.78, 22.49, 40.8, 25.25, 40.99, 6.51, 31.31, 6.93, 32.5, 5.46, 35.8, 16.95, 14.93, 29.74, 9.86, 27.81, 30.37, 2.5, 26.09, 49.45, 14.88, 18.03, 46.13, 33.71, 8.34, 15.84, 22.22, 16.26, 38.52, 36.33, 24.76, 15.01, 14.45, 26.3, 45.25, 7.62, 31.72, 6.33, 0.62, 6.49, 29.21, 3.1, 5.12, 38.58, 15.37, 42.02, 39.05, 45.27, 24.54, 44.04, 47.33, 29.94, 27.31, 6.89, 26.3, 36.88, 35.71, 6.93, 9.35, 34.48, 20.42, 14.85, 33.53, 12.97, 31.69, 27.87, 8.66, 8.06, 44.08, 13.89, 28.33, 25.89, 40.76, 4.88, 28.34, 24.82, 15.85, 8.23, 49.79, 7.45, 28.2]
Y = [9.04, 2.35, 41.39, 2.65, 43.85, 39.19, 39.39, 15.2, 28.22, 44.16, 5.98, 42.33, 17.95, 2.43, 29.74, 31.89, 7.63, 4.13, 28.64, 1.61, 35.86, 25.79, 28.28, 37.14, 0.95, 40.17, 37.52, 33.38, 37.21, 33.05, 22.11, 5.73, 49.17, 28.76, 16.64, 0.31, 21.17, 27.74, 17.08, 5.96, 46.19, 24.96, 28.64, 39.17, 44.15, 32.79, 37.15, 46, 48.38, 14.14, 5.13, 17.51, 40.54, 25.76, 10.14, 25.65, 27.85, 40.04, 8.96, 22.33, 1.43, 19.36, 43.64, 24.91, 40.13, 7.03, 3.5, 21.57, 19.8, 1.66, 29.04, 36.27, 27.92, 13.38, 5.51, 39.98, 40.83, 45.51, 24.72, 26.5, 9.47, 10.12, 8.07, 7, 29.01, 7.81, 35.97, 14.95, 20.38, 0.77, 14.04, 32.83, 0.11, 39.35, 48.76, 39.67, 49.38, 21.2, 31.47, 35.33]
wpnt = [1, 1, 1, 1, 1, 1, 1, 1, 1, 1, 1, 1, 1, 1, 1, 1, 1, 1, 1, 1, 1, 1, 1, 1, 1, 1, 1, 1, 1, 1, 1, 1, 1, 1, 1, 1, 1, 1, 1, 1, 1, 1, 1, 1, 1, 1, 1, 1, 1, 1, 1, 1, 1, 1, 1, 1, 1, 1, 1, 1, 1, 1, 1, 1, 1, 1, 1, 1, 1, 1, 1, 1, 1, 1, 1, 1, 1, 1, 1, 1, 1, 1, 1, 1, 1, 1, 1, 1, 1, 1, 1, 1, 1, 1, 1, 1, 1, 1, 1, 1]

Solution: 
Time in Phase 1: 89.9596
Ell(i): 310
Ell(i): 163
Ell(i): 80
Ell(i): 78
Time in Phase 2: 3.2e-05
Number of solutions attempted: 62
Maximum Cover has value:27

0-th ellipse solution 
Weight: 11 (xc, yc, theta) -> (26.2318, 33.8574, 1.49875)

1-th ellipse solution 
Weight: 8 (xc, yc, theta) -> (3.70799, 40.3723, -0.483015)

2-th ellipse solution 
Weight: 5 (xc, yc, theta) -> (13.551, 7.24916, -1.53395)

3-th ellipse solution 
Weight: 3 (xc, yc, theta) -> (25.6695, 14.1252, 0)

