20 5 4
9.00000000000000000, 7.00000000000000000, 5.00000000000000000, 3.00000000000000000, 1.00000000000000000
5.00000000000000000, 4.00000000000000000, 3.00000000000000000, 2.00000000000000000, 1.00000000000000000
4.50000000000000000, 2.79999999999999982, 1.50000000000000000, 0.59999999999999998, 0.10000000000000001
43.42000000000000171, 42.85999999999999943, 35.32000000000000028, 22.85000000000000142, 24.12000000000000099, 28.10000000000000142, 37.92000000000000171, 3.14999999999999991, 8.46000000000000085, 47.47999999999999687, 48.46999999999999886, 49.54999999999999716, 13.24000000000000021, 5.08000000000000007, 10.53999999999999915, 44.78999999999999915, 11.10999999999999943, 5.62000000000000011, 30.28999999999999915, 39.20000000000000284
35.93999999999999773, 1.64999999999999991, 42.64000000000000057, 42.77000000000000313, 1.05000000000000004, 34.60000000000000142, 21.23999999999999844, 10.75000000000000000, 36.64000000000000057, 16.05999999999999872, 34.97999999999999687, 24.32999999999999829, 15.88000000000000078, 41.60000000000000142, 25.17000000000000171, 3.95999999999999996, 37.64999999999999858, 46.42999999999999972, 28.46999999999999886, 4.41000000000000014
1.00000000000000000, 1.00000000000000000, 1.00000000000000000, 1.00000000000000000, 1.00000000000000000, 1.00000000000000000, 1.00000000000000000, 1.00000000000000000, 1.00000000000000000, 1.00000000000000000, 1.00000000000000000, 1.00000000000000000, 1.00000000000000000, 1.00000000000000000, 1.00000000000000000, 1.00000000000000000, 1.00000000000000000, 1.00000000000000000, 1.00000000000000000, 1.00000000000000000
0, 1, 1, 1, 1
42.85999999999999943, 1.64999999999999991, 0.00000000000000000, 8.85201482285038210, 39.63076524928313660, 0.00000000000000000, 45.54705534564977398, 34.52962013682007125, 0.00000000000000000, 35.32000000000000028, 42.64000000000000057, 0.00000000000000000

