60 3 2
5.00000000000000000, 3.00000000000000000, 1.00000000000000000
3.00000000000000000, 2.00000000000000000, 1.00000000000000000
1.50000000000000000, 0.59999999999999998, 0.10000000000000001
14.85999999999999943, 45.47999999999999687, 24.91000000000000014, 8.14000000000000057, 43.22999999999999687, 23.17999999999999972, 24.80000000000000071, 9.01999999999999957, 36.38000000000000256, 30.16000000000000014, 41.90999999999999659, 8.91000000000000014, 24.92999999999999972, 6.91000000000000014, 16.23999999999999844, 45.42000000000000171, 41.84000000000000341, 24.80000000000000071, 19.71999999999999886, 30.44000000000000128, 7.55999999999999961, 5.38999999999999968, 18.17999999999999972, 16.57000000000000028, 21.37000000000000099, 29.17999999999999972, 32.93999999999999773, 24.37000000000000099, 44.14999999999999858, 25.89000000000000057, 27.87999999999999901, 41.50000000000000000, 12.22000000000000064, 36.46999999999999886, 49.24000000000000199, 44.88000000000000256, 20.53999999999999915, 39.15999999999999659, 14.67999999999999972, 43.28000000000000114, 2.45999999999999996, 49.32000000000000028, 10.53999999999999915, 43.25999999999999801, 4.98000000000000043, 15.08999999999999986, 40.45000000000000284, 2.58000000000000007, 22.89000000000000057, 34.60000000000000142, 5.95999999999999996, 28.92999999999999972, 29.75000000000000000, 15.21000000000000085, 23.82999999999999829, 30.48999999999999844, 30.94999999999999929, 11.67999999999999972, 3.50000000000000000, 46.18999999999999773
45.25000000000000000, 43.70000000000000284, 28.80999999999999872, 13.69999999999999929, 24.62000000000000099, 42.45000000000000284, 14.55000000000000071, 34.21000000000000085, 6.95000000000000018, 24.62000000000000099, 36.21000000000000085, 11.09999999999999964, 6.05999999999999961, 18.01999999999999957, 46.59000000000000341, 31.10000000000000142, 40.90999999999999659, 16.75000000000000000, 32.93999999999999773, 12.94999999999999929, 3.62999999999999989, 32.35999999999999943, 14.41000000000000014, 4.55999999999999961, 46.71999999999999886, 13.26999999999999957, 38.09000000000000341, 7.86000000000000032, 31.28000000000000114, 10.39000000000000057, 21.30999999999999872, 19.71999999999999886, 16.30000000000000071, 31.92999999999999972, 16.91000000000000014, 6.79999999999999982, 0.27000000000000002, 38.71999999999999886, 5.73000000000000043, 36.04999999999999716, 22.46000000000000085, 35.39999999999999858, 23.69000000000000128, 4.70000000000000018, 19.14000000000000057, 32.85999999999999943, 6.58999999999999986, 2.66999999999999993, 39.03999999999999915, 22.12999999999999901, 29.48000000000000043, 26.48999999999999844, 18.10000000000000142, 44.43999999999999773, 8.49000000000000021, 26.28999999999999915, 29.80999999999999872, 41.49000000000000199, 4.94000000000000039, 8.48000000000000043
1.00000000000000000, 1.00000000000000000, 1.00000000000000000, 1.00000000000000000, 1.00000000000000000, 1.00000000000000000, 1.00000000000000000, 1.00000000000000000, 1.00000000000000000, 1.00000000000000000, 1.00000000000000000, 1.00000000000000000, 1.00000000000000000, 1.00000000000000000, 1.00000000000000000, 1.00000000000000000, 1.00000000000000000, 1.00000000000000000, 1.00000000000000000, 1.00000000000000000, 1.00000000000000000, 1.00000000000000000, 1.00000000000000000, 1.00000000000000000, 1.00000000000000000, 1.00000000000000000, 1.00000000000000000, 1.00000000000000000, 1.00000000000000000, 1.00000000000000000, 1.00000000000000000, 1.00000000000000000, 1.00000000000000000, 1.00000000000000000, 1.00000000000000000, 1.00000000000000000, 1.00000000000000000, 1.00000000000000000, 1.00000000000000000, 1.00000000000000000, 1.00000000000000000, 1.00000000000000000, 1.00000000000000000, 1.00000000000000000, 1.00000000000000000, 1.00000000000000000, 1.00000000000000000, 1.00000000000000000, 1.00000000000000000, 1.00000000000000000, 1.00000000000000000, 1.00000000000000000, 1.00000000000000000, 1.00000000000000000, 1.00000000000000000, 1.00000000000000000, 1.00000000000000000, 1.00000000000000000, 1.00000000000000000, 1.00000000000000000
1, 1, 0
19.75379142150038447, 44.63494716631355885, 0.00000000000000000, 22.16025827544166305, 6.82841273031290807, 0.00000000000000000

