40 4 3
7.00000000000000000, 5.00000000000000000, 3.00000000000000000, 1.00000000000000000
4.00000000000000000, 3.00000000000000000, 2.00000000000000000, 1.00000000000000000
2.79999999999999982, 1.50000000000000000, 0.59999999999999998, 0.10000000000000001
39.35999999999999943, 46.21000000000000085, 39.21000000000000085, 35.25999999999999801, 29.85999999999999943, 40.96000000000000085, 26.14000000000000057, 6.33999999999999986, 38.78999999999999915, 27.85000000000000142, 12.40000000000000036, 1.58000000000000007, 36.35999999999999943, 10.58999999999999986, 46.97999999999999687, 36.07999999999999829, 15.30000000000000071, 7.70999999999999996, 39.21999999999999886, 16.12999999999999901, 43.36999999999999744, 42.72999999999999687, 46.64000000000000057, 27.85999999999999943, 45.35000000000000142, 0.00000000000000000, 15.39000000000000057, 13.34999999999999964, 32.38000000000000256, 35.65999999999999659, 13.35999999999999943, 15.69999999999999929, 4.01999999999999957, 33.15999999999999659, 16.37999999999999901, 12.32000000000000028, 6.38999999999999968, 29.25000000000000000, 4.12999999999999989, 38.45000000000000284
25.89000000000000057, 21.35999999999999943, 6.94000000000000039, 11.63000000000000078, 0.39000000000000001, 23.64999999999999858, 39.54999999999999716, 8.35999999999999943, 46.28000000000000114, 14.57000000000000028, 9.67999999999999972, 5.61000000000000032, 30.78999999999999915, 33.90999999999999659, 39.40999999999999659, 36.34000000000000341, 32.28000000000000114, 4.50999999999999979, 42.96999999999999886, 19.07999999999999829, 7.08999999999999986, 19.50000000000000000, 49.07000000000000028, 35.42999999999999972, 5.70999999999999996, 7.75000000000000000, 1.58000000000000007, 1.75000000000000000, 23.94000000000000128, 29.35999999999999943, 21.73999999999999844, 28.66000000000000014, 23.41000000000000014, 43.24000000000000199, 49.29999999999999716, 9.75000000000000000, 5.05999999999999961, 3.02000000000000002, 7.11000000000000032, 49.47999999999999687
1.00000000000000000, 1.00000000000000000, 1.00000000000000000, 1.00000000000000000, 1.00000000000000000, 1.00000000000000000, 1.00000000000000000, 1.00000000000000000, 1.00000000000000000, 1.00000000000000000, 1.00000000000000000, 1.00000000000000000, 1.00000000000000000, 1.00000000000000000, 1.00000000000000000, 1.00000000000000000, 1.00000000000000000, 1.00000000000000000, 1.00000000000000000, 1.00000000000000000, 1.00000000000000000, 1.00000000000000000, 1.00000000000000000, 1.00000000000000000, 1.00000000000000000, 1.00000000000000000, 1.00000000000000000, 1.00000000000000000, 1.00000000000000000, 1.00000000000000000, 1.00000000000000000, 1.00000000000000000, 1.00000000000000000, 1.00000000000000000, 1.00000000000000000, 1.00000000000000000, 1.00000000000000000, 1.00000000000000000, 1.00000000000000000, 1.00000000000000000
1, 1, 0, 1
6.33999999999999986, 8.35999999999999943, 0.00000000000000000, 41.56265139680375853, 4.29284845431126882, 0.00000000000000000, 36.55357473183755701, 29.80891446693266289, 0.00000000000000000

