60 4 3
7.00000000000000000, 5.00000000000000000, 3.00000000000000000, 1.00000000000000000
4.00000000000000000, 3.00000000000000000, 2.00000000000000000, 1.00000000000000000
2.79999999999999982, 1.50000000000000000, 0.59999999999999998, 0.10000000000000001
1.83000000000000007, 16.46999999999999886, 1.04000000000000004, 28.16000000000000014, 43.64999999999999858, 35.88000000000000256, 32.50999999999999801, 46.65999999999999659, 21.23999999999999844, 24.89000000000000057, 13.08999999999999986, 4.33000000000000007, 37.46000000000000085, 43.03000000000000114, 25.42000000000000171, 29.85000000000000142, 8.74000000000000021, 48.71999999999999886, 17.00000000000000000, 7.20999999999999996, 39.63000000000000256, 30.64999999999999858, 28.44000000000000128, 26.60999999999999943, 2.95999999999999996, 21.62000000000000099, 48.65999999999999659, 30.66000000000000014, 49.65999999999999659, 26.35000000000000142, 5.45000000000000018, 2.31999999999999984, 2.50999999999999979, 23.96999999999999886, 27.92999999999999972, 30.17000000000000171, 24.26999999999999957, 39.68999999999999773, 38.13000000000000256, 2.39000000000000012, 17.80999999999999872, 7.13999999999999968, 49.96000000000000085, 2.58000000000000007, 11.50000000000000000, 24.69000000000000128, 35.13000000000000256, 31.14999999999999858, 28.05000000000000071, 7.16000000000000014, 36.31000000000000227, 23.53000000000000114, 48.14999999999999858, 13.28999999999999915, 29.53000000000000114, 27.37999999999999901, 39.68999999999999773, 13.81000000000000050, 22.32999999999999829, 39.27000000000000313
26.98000000000000043, 21.48000000000000043, 20.69000000000000128, 47.43999999999999773, 12.75000000000000000, 20.00000000000000000, 35.35000000000000142, 4.46999999999999975, 25.64999999999999858, 21.94999999999999929, 47.14999999999999858, 14.60999999999999943, 23.69999999999999929, 40.22999999999999687, 31.76000000000000156, 27.23999999999999844, 46.31000000000000227, 9.77999999999999936, 26.87999999999999901, 10.66000000000000014, 43.09000000000000341, 22.14000000000000057, 27.30999999999999872, 49.67999999999999972, 1.50000000000000000, 16.05000000000000071, 25.94999999999999929, 36.11999999999999744, 23.69000000000000128, 25.07000000000000028, 6.20000000000000018, 14.19999999999999929, 1.04000000000000004, 19.51000000000000156, 31.19000000000000128, 17.55000000000000071, 10.82000000000000028, 2.70999999999999996, 16.30000000000000071, 41.09000000000000341, 24.01000000000000156, 16.46999999999999886, 37.81000000000000227, 49.61999999999999744, 28.94000000000000128, 16.94999999999999929, 27.01000000000000156, 37.64999999999999858, 5.12000000000000011, 5.98000000000000043, 37.32999999999999829, 10.58000000000000007, 13.23000000000000043, 36.28999999999999915, 15.67999999999999972, 47.34000000000000341, 34.53000000000000114, 39.64999999999999858, 16.39000000000000057, 33.82999999999999829
1.00000000000000000, 1.00000000000000000, 1.00000000000000000, 1.00000000000000000, 1.00000000000000000, 1.00000000000000000, 1.00000000000000000, 1.00000000000000000, 1.00000000000000000, 1.00000000000000000, 1.00000000000000000, 1.00000000000000000, 1.00000000000000000, 1.00000000000000000, 1.00000000000000000, 1.00000000000000000, 1.00000000000000000, 1.00000000000000000, 1.00000000000000000, 1.00000000000000000, 1.00000000000000000, 1.00000000000000000, 1.00000000000000000, 1.00000000000000000, 1.00000000000000000, 1.00000000000000000, 1.00000000000000000, 1.00000000000000000, 1.00000000000000000, 1.00000000000000000, 1.00000000000000000, 1.00000000000000000, 1.00000000000000000, 1.00000000000000000, 1.00000000000000000, 1.00000000000000000, 1.00000000000000000, 1.00000000000000000, 1.00000000000000000, 1.00000000000000000, 1.00000000000000000, 1.00000000000000000, 1.00000000000000000, 1.00000000000000000, 1.00000000000000000, 1.00000000000000000, 1.00000000000000000, 1.00000000000000000, 1.00000000000000000, 1.00000000000000000, 1.00000000000000000, 1.00000000000000000, 1.00000000000000000, 1.00000000000000000, 1.00000000000000000, 1.00000000000000000, 1.00000000000000000, 1.00000000000000000, 1.00000000000000000, 1.00000000000000000
1, 1, 1, 0
23.28982453943852349, 28.63551443829025445, 0.00000000000000000, 26.41797686613346485, 16.89415074313615506, 0.00000000000000000, 33.60515946838805945, 36.50066357603191136, 0.00000000000000000

