60 5 5
9.00000000000000000, 7.00000000000000000, 5.00000000000000000, 3.00000000000000000, 1.00000000000000000
5.00000000000000000, 4.00000000000000000, 3.00000000000000000, 2.00000000000000000, 1.00000000000000000
4.50000000000000000, 2.79999999999999982, 1.50000000000000000, 0.59999999999999998, 0.10000000000000001
26.91000000000000014, 31.83999999999999986, 21.66000000000000014, 27.66000000000000014, 11.32000000000000028, 42.96999999999999886, 49.79999999999999716, 49.75999999999999801, 37.50999999999999801, 48.90999999999999659, 46.20000000000000284, 41.77000000000000313, 48.99000000000000199, 3.91000000000000014, 44.57999999999999829, 8.17999999999999972, 45.50999999999999801, 26.10999999999999943, 14.13000000000000078, 33.64000000000000057, 19.35000000000000142, 40.00999999999999801, 32.27000000000000313, 14.33000000000000007, 42.39000000000000057, 10.11999999999999922, 36.63000000000000256, 2.27000000000000002, 48.77000000000000313, 6.55999999999999961, 14.53999999999999915, 14.83999999999999986, 4.76999999999999957, 27.23000000000000043, 44.71999999999999886, 44.34000000000000341, 37.46999999999999886, 33.21999999999999886, 24.12999999999999901, 39.52000000000000313, 10.77999999999999936, 5.09999999999999964, 1.52000000000000002, 33.03000000000000114, 13.56000000000000050, 43.64999999999999858, 4.33000000000000007, 38.14999999999999858, 49.42999999999999972, 28.00000000000000000, 26.23999999999999844, 8.22000000000000064, 6.67999999999999972, 33.46000000000000085, 38.97999999999999687, 47.32000000000000028, 22.62000000000000099, 47.17000000000000171, 9.78999999999999915, 24.44000000000000128
37.15999999999999659, 4.62999999999999989, 24.10999999999999943, 16.46000000000000085, 15.58000000000000007, 14.57000000000000028, 5.66000000000000014, 45.17999999999999972, 2.60999999999999988, 40.32999999999999829, 23.39000000000000057, 13.68999999999999950, 46.89000000000000057, 20.94999999999999929, 8.35999999999999943, 21.48999999999999844, 40.02000000000000313, 17.17000000000000171, 3.77000000000000002, 25.44000000000000128, 26.60999999999999943, 19.14999999999999858, 39.78000000000000114, 19.78000000000000114, 13.24000000000000021, 38.59000000000000341, 1.87999999999999989, 35.61999999999999744, 6.17999999999999972, 43.35000000000000142, 14.75000000000000000, 10.05000000000000071, 40.95000000000000284, 18.89000000000000057, 10.86999999999999922, 14.07000000000000028, 34.35000000000000142, 19.73999999999999844, 47.53999999999999915, 16.51000000000000156, 49.64000000000000057, 47.40999999999999659, 7.37000000000000011, 0.29999999999999999, 39.59000000000000341, 28.10000000000000142, 8.48000000000000043, 9.09999999999999964, 15.38000000000000078, 44.14999999999999858, 22.32999999999999829, 13.72000000000000064, 41.43999999999999773, 30.80999999999999872, 22.98000000000000043, 49.75999999999999801, 2.41999999999999993, 24.14000000000000057, 30.19999999999999929, 23.33999999999999986
1.00000000000000000, 1.00000000000000000, 1.00000000000000000, 1.00000000000000000, 1.00000000000000000, 1.00000000000000000, 1.00000000000000000, 1.00000000000000000, 1.00000000000000000, 1.00000000000000000, 1.00000000000000000, 1.00000000000000000, 1.00000000000000000, 1.00000000000000000, 1.00000000000000000, 1.00000000000000000, 1.00000000000000000, 1.00000000000000000, 1.00000000000000000, 1.00000000000000000, 1.00000000000000000, 1.00000000000000000, 1.00000000000000000, 1.00000000000000000, 1.00000000000000000, 1.00000000000000000, 1.00000000000000000, 1.00000000000000000, 1.00000000000000000, 1.00000000000000000, 1.00000000000000000, 1.00000000000000000, 1.00000000000000000, 1.00000000000000000, 1.00000000000000000, 1.00000000000000000, 1.00000000000000000, 1.00000000000000000, 1.00000000000000000, 1.00000000000000000, 1.00000000000000000, 1.00000000000000000, 1.00000000000000000, 1.00000000000000000, 1.00000000000000000, 1.00000000000000000, 1.00000000000000000, 1.00000000000000000, 1.00000000000000000, 1.00000000000000000, 1.00000000000000000, 1.00000000000000000, 1.00000000000000000, 1.00000000000000000, 1.00000000000000000, 1.00000000000000000, 1.00000000000000000, 1.00000000000000000, 1.00000000000000000, 1.00000000000000000
1, 1, 1, 1, 1
31.61446720570342706, 20.95149364467881270, 0.00000000000000000, 38.37836392149430509, 12.56355579052079463, 0.00000000000000000, 9.76730246305769079, 41.04853178866900976, 0.00000000000000000, 35.87591097636165927, 0.93273329983641329, 0.00000000000000000, 47.16824623362157354, 23.14000153784943947, 0.00000000000000000

