10 4 1
7.00000000000000000, 5.00000000000000000, 3.00000000000000000, 1.00000000000000000
4.00000000000000000, 3.00000000000000000, 2.00000000000000000, 1.00000000000000000
2.79999999999999982, 1.50000000000000000, 0.59999999999999998, 0.10000000000000001
31.89000000000000057, 0.42999999999999999, 18.19000000000000128, 4.95999999999999996, 40.04999999999999716, 9.30000000000000071, 19.03999999999999915, 34.89999999999999858, 0.57999999999999996, 8.83999999999999986
21.64000000000000057, 49.79999999999999716, 46.27000000000000313, 13.23000000000000043, 14.55000000000000071, 36.49000000000000199, 0.34999999999999998, 44.47999999999999687, 44.32000000000000028, 31.96000000000000085
1.00000000000000000, 1.00000000000000000, 1.00000000000000000, 1.00000000000000000, 1.00000000000000000, 1.00000000000000000, 1.00000000000000000, 1.00000000000000000, 1.00000000000000000, 1.00000000000000000
0, 0, 0, 1
31.89000000000000057, 21.64000000000000057, 0.00000000000000000

