70 3 3
5.00000000000000000, 3.00000000000000000, 1.00000000000000000
3.00000000000000000, 2.00000000000000000, 1.00000000000000000
1.50000000000000000, 0.59999999999999998, 0.10000000000000001
24.08999999999999986, 41.34000000000000341, 17.85999999999999943, 17.21000000000000085, 32.96000000000000085, 12.86999999999999922, 31.30000000000000071, 15.41000000000000014, 9.90000000000000036, 5.49000000000000021, 39.10999999999999943, 10.01999999999999957, 15.77999999999999936, 11.55000000000000071, 26.64000000000000057, 27.76999999999999957, 19.01000000000000156, 15.26999999999999957, 13.01999999999999957, 27.62000000000000099, 34.29999999999999716, 34.89000000000000057, 32.28999999999999915, 26.64999999999999858, 30.92000000000000171, 25.92999999999999972, 18.10999999999999943, 40.09000000000000341, 7.63999999999999968, 3.18000000000000016, 9.38000000000000078, 35.02000000000000313, 0.06000000000000000, 15.25999999999999979, 32.77000000000000313, 9.06000000000000050, 33.36999999999999744, 32.67000000000000171, 44.25000000000000000, 7.86000000000000032, 41.45000000000000284, 45.21000000000000085, 19.73000000000000043, 43.45000000000000284, 36.95000000000000284, 11.66000000000000014, 27.57000000000000028, 24.71999999999999886, 46.96000000000000085, 40.71000000000000085, 32.85999999999999943, 46.78999999999999915, 43.71999999999999886, 31.89000000000000057, 38.77000000000000313, 13.14000000000000057, 23.53000000000000114, 39.77000000000000313, 43.64999999999999858, 20.62000000000000099, 29.83999999999999986, 26.92999999999999972, 28.94999999999999929, 35.04999999999999716, 41.63000000000000256, 5.62999999999999989, 25.51999999999999957, 40.71999999999999886, 31.87999999999999901, 7.20000000000000018
11.26999999999999957, 14.53999999999999915, 43.90999999999999659, 40.75000000000000000, 1.82000000000000006, 38.90999999999999659, 41.81000000000000227, 11.05000000000000071, 30.62000000000000099, 33.72999999999999687, 35.96999999999999886, 20.05999999999999872, 21.69999999999999929, 19.28999999999999915, 7.74000000000000021, 0.72999999999999998, 19.10999999999999943, 36.86999999999999744, 32.47999999999999687, 45.97999999999999687, 40.49000000000000199, 15.59999999999999964, 0.29999999999999999, 42.20000000000000284, 32.13000000000000256, 20.03999999999999915, 35.93999999999999773, 33.89000000000000057, 1.63999999999999990, 34.28999999999999915, 30.94999999999999929, 28.39000000000000057, 0.28999999999999998, 13.08000000000000007, 42.88000000000000256, 17.07000000000000028, 43.95000000000000284, 15.66000000000000014, 9.31000000000000050, 25.17000000000000171, 33.78000000000000114, 9.56000000000000050, 35.29999999999999716, 27.37000000000000099, 46.61999999999999744, 46.32999999999999829, 46.67000000000000171, 27.62999999999999901, 39.97999999999999687, 29.71999999999999886, 49.75999999999999801, 16.23000000000000043, 29.46000000000000085, 37.96999999999999886, 39.75000000000000000, 30.21999999999999886, 8.34999999999999964, 43.25000000000000000, 33.21999999999999886, 30.60000000000000142, 32.28000000000000114, 7.41999999999999993, 1.64999999999999991, 25.91000000000000014, 25.75000000000000000, 24.48999999999999844, 2.41999999999999993, 19.23000000000000043, 22.60999999999999943, 20.64999999999999858
1.00000000000000000, 1.00000000000000000, 1.00000000000000000, 1.00000000000000000, 1.00000000000000000, 1.00000000000000000, 1.00000000000000000, 1.00000000000000000, 1.00000000000000000, 1.00000000000000000, 1.00000000000000000, 1.00000000000000000, 1.00000000000000000, 1.00000000000000000, 1.00000000000000000, 1.00000000000000000, 1.00000000000000000, 1.00000000000000000, 1.00000000000000000, 1.00000000000000000, 1.00000000000000000, 1.00000000000000000, 1.00000000000000000, 1.00000000000000000, 1.00000000000000000, 1.00000000000000000, 1.00000000000000000, 1.00000000000000000, 1.00000000000000000, 1.00000000000000000, 1.00000000000000000, 1.00000000000000000, 1.00000000000000000, 1.00000000000000000, 1.00000000000000000, 1.00000000000000000, 1.00000000000000000, 1.00000000000000000, 1.00000000000000000, 1.00000000000000000, 1.00000000000000000, 1.00000000000000000, 1.00000000000000000, 1.00000000000000000, 1.00000000000000000, 1.00000000000000000, 1.00000000000000000, 1.00000000000000000, 1.00000000000000000, 1.00000000000000000, 1.00000000000000000, 1.00000000000000000, 1.00000000000000000, 1.00000000000000000, 1.00000000000000000, 1.00000000000000000, 1.00000000000000000, 1.00000000000000000, 1.00000000000000000, 1.00000000000000000, 1.00000000000000000, 1.00000000000000000, 1.00000000000000000, 1.00000000000000000, 1.00000000000000000, 1.00000000000000000, 1.00000000000000000, 1.00000000000000000, 1.00000000000000000, 1.00000000000000000
1, 1, 1
36.27462257332996387, 41.50812769081986886, 0.00000000000000000, 8.57288070294220894, 19.04345886880358307, 0.00000000000000000, 27.62000000000000099, 45.97999999999999687, 0.00000000000000000

