40 5 2
9.00000000000000000, 7.00000000000000000, 5.00000000000000000, 3.00000000000000000, 1.00000000000000000
5.00000000000000000, 4.00000000000000000, 3.00000000000000000, 2.00000000000000000, 1.00000000000000000
4.50000000000000000, 2.79999999999999982, 1.50000000000000000, 0.59999999999999998, 0.10000000000000001
20.94000000000000128, 49.82000000000000028, 18.71999999999999886, 1.25000000000000000, 26.10999999999999943, 25.16000000000000014, 27.10999999999999943, 42.59000000000000341, 16.53000000000000114, 19.71000000000000085, 33.02000000000000313, 4.70000000000000018, 11.82000000000000028, 7.45999999999999996, 0.02000000000000000, 21.19000000000000128, 18.94999999999999929, 37.78000000000000114, 44.88000000000000256, 20.21000000000000085, 21.67999999999999972, 25.00000000000000000, 40.40999999999999659, 32.96999999999999886, 22.64999999999999858, 1.63999999999999990, 46.96000000000000085, 26.92999999999999972, 14.00999999999999979, 36.74000000000000199, 6.26999999999999957, 34.99000000000000199, 28.94000000000000128, 12.89000000000000057, 11.80000000000000071, 44.79999999999999716, 28.46000000000000085, 32.28000000000000114, 37.39999999999999858, 25.80999999999999872
47.06000000000000227, 16.82999999999999829, 23.87000000000000099, 32.53999999999999915, 32.64999999999999858, 4.01999999999999957, 45.03999999999999915, 34.17000000000000171, 5.04999999999999982, 44.70000000000000284, 44.27000000000000313, 21.26999999999999957, 7.66999999999999993, 27.96999999999999886, 21.87999999999999901, 20.96000000000000085, 21.01000000000000156, 37.67000000000000171, 39.03000000000000114, 20.98000000000000043, 45.35999999999999943, 48.79999999999999716, 17.58999999999999986, 6.94000000000000039, 2.68000000000000016, 5.66000000000000014, 6.33999999999999986, 8.76999999999999957, 34.39000000000000057, 14.02999999999999936, 7.92999999999999972, 25.21999999999999886, 22.76999999999999957, 23.82000000000000028, 33.10000000000000142, 33.49000000000000199, 19.80000000000000071, 18.87000000000000099, 15.25000000000000000, 10.03999999999999915
1.00000000000000000, 1.00000000000000000, 1.00000000000000000, 1.00000000000000000, 1.00000000000000000, 1.00000000000000000, 1.00000000000000000, 1.00000000000000000, 1.00000000000000000, 1.00000000000000000, 1.00000000000000000, 1.00000000000000000, 1.00000000000000000, 1.00000000000000000, 1.00000000000000000, 1.00000000000000000, 1.00000000000000000, 1.00000000000000000, 1.00000000000000000, 1.00000000000000000, 1.00000000000000000, 1.00000000000000000, 1.00000000000000000, 1.00000000000000000, 1.00000000000000000, 1.00000000000000000, 1.00000000000000000, 1.00000000000000000, 1.00000000000000000, 1.00000000000000000, 1.00000000000000000, 1.00000000000000000, 1.00000000000000000, 1.00000000000000000, 1.00000000000000000, 1.00000000000000000, 1.00000000000000000, 1.00000000000000000, 1.00000000000000000, 1.00000000000000000
1, 0, 1, 0, 0
27.44970622635188207, 22.65382440128430730, 0.00000000000000000, 23.15413503246161042, 46.87477727506553293, 0.00000000000000000

