50 5 2
9.00000000000000000, 7.00000000000000000, 5.00000000000000000, 3.00000000000000000, 1.00000000000000000
5.00000000000000000, 4.00000000000000000, 3.00000000000000000, 2.00000000000000000, 1.00000000000000000
4.50000000000000000, 2.79999999999999982, 1.50000000000000000, 0.59999999999999998, 0.10000000000000001
17.94000000000000128, 15.69999999999999929, 33.78999999999999915, 23.67000000000000171, 27.01999999999999957, 11.83000000000000007, 18.33999999999999986, 8.50999999999999979, 19.58999999999999986, 21.10000000000000142, 4.50000000000000000, 14.88000000000000078, 35.70000000000000284, 1.82000000000000006, 12.41999999999999993, 33.14000000000000057, 5.08000000000000007, 45.25000000000000000, 41.47999999999999687, 36.67000000000000171, 29.32000000000000028, 1.79000000000000004, 45.31000000000000227, 44.93999999999999773, 31.69999999999999929, 46.28999999999999915, 31.94000000000000128, 19.14999999999999858, 8.33999999999999986, 40.75000000000000000, 48.60999999999999943, 1.11000000000000010, 22.73999999999999844, 42.56000000000000227, 15.27999999999999936, 32.71000000000000085, 27.71999999999999886, 42.27000000000000313, 44.79999999999999716, 37.92000000000000171, 3.25000000000000000, 12.69999999999999929, 45.39000000000000057, 2.83999999999999986, 2.81999999999999984, 24.48000000000000043, 17.48999999999999844, 5.12000000000000011, 21.96000000000000085, 4.44000000000000039
27.44999999999999929, 14.89000000000000057, 42.63000000000000256, 47.79999999999999716, 10.41000000000000014, 33.28999999999999915, 46.82000000000000028, 47.28000000000000114, 21.39999999999999858, 31.39000000000000057, 15.90000000000000036, 32.96000000000000085, 47.17000000000000171, 23.10000000000000142, 27.62999999999999901, 30.35999999999999943, 48.85000000000000142, 38.86999999999999744, 18.92000000000000171, 18.50000000000000000, 48.49000000000000199, 47.65999999999999659, 10.30000000000000071, 14.90000000000000036, 16.03999999999999915, 36.20000000000000284, 11.16999999999999993, 17.64999999999999858, 20.98000000000000043, 20.76000000000000156, 23.89000000000000057, 3.68999999999999995, 46.35999999999999943, 14.22000000000000064, 29.23000000000000043, 44.60000000000000142, 34.50000000000000000, 23.03000000000000114, 37.21000000000000085, 26.50000000000000000, 34.21999999999999886, 35.20000000000000284, 31.85000000000000142, 3.72999999999999998, 43.59000000000000341, 1.42999999999999994, 25.60000000000000142, 40.22999999999999687, 47.67999999999999972, 37.24000000000000199
1.00000000000000000, 1.00000000000000000, 1.00000000000000000, 1.00000000000000000, 1.00000000000000000, 1.00000000000000000, 1.00000000000000000, 1.00000000000000000, 1.00000000000000000, 1.00000000000000000, 1.00000000000000000, 1.00000000000000000, 1.00000000000000000, 1.00000000000000000, 1.00000000000000000, 1.00000000000000000, 1.00000000000000000, 1.00000000000000000, 1.00000000000000000, 1.00000000000000000, 1.00000000000000000, 1.00000000000000000, 1.00000000000000000, 1.00000000000000000, 1.00000000000000000, 1.00000000000000000, 1.00000000000000000, 1.00000000000000000, 1.00000000000000000, 1.00000000000000000, 1.00000000000000000, 1.00000000000000000, 1.00000000000000000, 1.00000000000000000, 1.00000000000000000, 1.00000000000000000, 1.00000000000000000, 1.00000000000000000, 1.00000000000000000, 1.00000000000000000, 1.00000000000000000, 1.00000000000000000, 1.00000000000000000, 1.00000000000000000, 1.00000000000000000, 1.00000000000000000, 1.00000000000000000, 1.00000000000000000, 1.00000000000000000, 1.00000000000000000
1, 0, 0, 1, 0
14.33966203532286698, 30.28367834198805753, 0.00000000000000000, 21.31477684558006302, 46.56119701272483269, 0.00000000000000000

