20 4 2
7.00000000000000000, 5.00000000000000000, 3.00000000000000000, 1.00000000000000000
4.00000000000000000, 3.00000000000000000, 2.00000000000000000, 1.00000000000000000
2.79999999999999982, 1.50000000000000000, 0.59999999999999998, 0.10000000000000001
7.41000000000000014, 33.78000000000000114, 13.78999999999999915, 7.75999999999999979, 11.15000000000000036, 22.62999999999999901, 27.28999999999999915, 42.84000000000000341, 19.32999999999999829, 8.71000000000000085, 12.35999999999999943, 45.86999999999999744, 18.35999999999999943, 25.87000000000000099, 25.08999999999999986, 0.90000000000000002, 30.96999999999999886, 26.01000000000000156, 12.07000000000000028, 36.20000000000000284
46.27000000000000313, 43.50000000000000000, 27.39000000000000057, 41.42999999999999972, 5.65000000000000036, 43.03999999999999915, 23.05999999999999872, 45.47999999999999687, 47.81000000000000227, 9.38000000000000078, 18.01000000000000156, 31.39000000000000057, 30.76999999999999957, 18.94000000000000128, 34.70000000000000284, 32.50000000000000000, 34.67999999999999972, 44.77000000000000313, 33.77000000000000313, 23.21999999999999886
1.00000000000000000, 1.00000000000000000, 1.00000000000000000, 1.00000000000000000, 1.00000000000000000, 1.00000000000000000, 1.00000000000000000, 1.00000000000000000, 1.00000000000000000, 1.00000000000000000, 1.00000000000000000, 1.00000000000000000, 1.00000000000000000, 1.00000000000000000, 1.00000000000000000, 1.00000000000000000, 1.00000000000000000, 1.00000000000000000, 1.00000000000000000, 1.00000000000000000
0, 1, 1, 0
23.33051356562097212, 46.01041092577730041, 0.00000000000000000, 28.02695512132435951, 34.29213585304984235, 0.00000000000000000

