80 5 5
1.06308404529913636, 1.34288628170678614, 3.95464609792431609, 3.79383463840318358, 3.97065033202677675
0.85565781742120572, 0.90816035658738392, 3.25097298241698418, 3.20501200878034442, 3.66093455750899555
0.90963617393596519, 1.21955608445114105, 12.85644761937270353, 12.15928557540903832, 14.53629101630139431
-2.55578971355158968, -3.29477757752860212, -3.21778795221563296, -3.42807711956703676, -2.82812581142125152, -1.76498233019836714, -2.88385851560806294, -3.44392142087347164, -2.49218900607650395, -2.58529685735618386, -2.05907376548721111, -4.32577589586693900, -4.38343074294162971, -3.55630453977436334, -2.57822572708195308, -2.96768864185196390, -4.62710465803026771, -3.78751525289094237, -3.69952617127290662, -2.70555982699975051, -3.37082043754362415, -2.65566651638275708, -3.91826820797636799, -2.71890016897098130, -2.28972962486127152, -3.43927695862200888, -3.00687835087676580, -3.19687964888516873, -4.99597045748912993, -2.98816349235315837, -4.26976992116766674, -1.91650232182547375, -2.27769659008977987, -1.41752154779927952, -3.06268560220839214, -3.49426701366827608, -4.07740248914902637, -3.73097477838084401, -2.50083947018898645, -2.58303437139111525, 2.03387153317273306, 0.87398293025550755, 3.60227837203377232, 2.34649024446902832, 3.70914475875423122, 2.78018711531178919, 2.62795247889394945, 1.57853370303188667, 1.76426689910878798, 3.25704488093006539, 4.85004173385906867, 4.12474339102193444, 3.88521866750349609, 4.75161094753459157, 3.90352279050695472, 0.39371672257879942, 2.96501135568645369, 3.92065639869698535, 3.94756881305031415, 2.22188607607592203, 3.55926958356929557, 4.15923059731901290, 1.46749959476035396, 2.59774126465259680, 2.09705658618622603, 4.19285380019108800, 2.67294586146614277, 2.25098377811050598, 2.36863554972538282, 3.35774425243163543, 3.53735022826532131, 2.74627741202584685, 5.19242556171673009, 3.49401529983429304, 2.60591744304302075, 2.93953616203206058, 3.79371151023901376, 5.50699504778152349, 1.42754235715570732, 3.76631082237135395
-1.32454882232430449, -2.80884340344391203, -4.66218244770995316, -1.54335558340584500, -4.51361622161227061, -3.30312613582558523, -1.73150848020362003, -2.04516365115843879, -1.76874616990407141, -3.10879717974310932, -1.96227482204725656, -3.09951058072315178, -3.92784677598779952, -1.94287691359305015, -2.24804010010075794, -2.29321884605045989, -4.53199276970944442, -3.05940455731844496, -3.22108296805922389, -2.48037564596301063, -2.54100037995262351, -3.63608291644787673, -1.67433234705602030, -2.64533157075263414, -3.14586747863316951, -2.34692993690421137, -1.59989679624280767, -3.59593032583920902, -4.02223360315554945, -2.41827561353634035, -3.70536057052681223, -2.64362144498136731, -3.83528036233192982, -2.98167829792460859, -2.34388141734309752, -3.56712332318621383, -2.01468515194237252, -4.71912307385823127, -2.68841662111235813, -4.21510360079441337, -2.67532309599203355, -4.81462877363243891, -3.03788979813429583, -1.84592531653910896, -2.59827657658222577, -3.09825183044260566, -2.63516707425057950, -2.48375540344427126, -2.69504252043946435, -3.99956328967864794, -4.04689056089964527, -2.59142370962789625, -4.43421834187298103, -2.69012084927580331, -2.45793879869687260, -3.20819416651297074, -3.83479758949233585, -3.52938899055558863, -4.46297903934408424, -5.49493373835266219, -1.37079387718193080, -4.30796076469744005, -4.15950002989074807, -3.42778822625804702, -1.46934212242102502, -2.30317465694114132, -1.53729652746481693, -3.19053923709350240, -3.17123623816674316, -3.87781336385224984, -2.32012819150504557, -2.62974841178038110, -2.35634928542620337, -2.72273099006451380, -4.16096938163515695, -2.69673295745804387, -2.04268875932052252, -3.55752777318912106, -3.79581600109748862, -4.82732602795197696
3.00445942736145355, 0.12343466462053802, 2.81028208160533000, 2.30506297669173721, 2.32057480302740915, 1.61715409894280615, 1.62255958019209223, 1.10877868097940557, 1.77385799967546265, 0.18381552283871178, 1.96221572375146880, 1.76758408173764359, 2.77478026022698332, 1.42698396078812184, 0.74333722835202531, 0.50058362344361418, 4.99447141462580912, 0.62370917496608536, 0.53821454306160765, 0.35670448478477529, 0.34818844810368088, 0.52316702453682262, 2.60061122784212984, 0.20480680970933662, 0.52576132712250823, 0.61946475368813947, 1.96033629288193789, 0.39389454939997315, 5.02885960658974351, 0.33854336471979501, 2.10984918715605252, 1.30097289308675790, 1.21941549966529150, 2.50457373644652748, 0.43442107923193135, 0.56592874450233055, 2.13164147342734367, 3.48970826970069758, 0.34624543652025153, 1.65033709610475166, 1.03881930641020381, 7.81282616693972720, 0.36417487422230876, 1.75896337557950622, 0.66426799779109302, 0.05797112646027519, 0.27152242167203933, 2.28707491688922770, 1.62003536097812506, 1.06519884088555217, 4.51863426352104280, 1.43198228070174971, 2.84059434146154821, 3.16416599957657896, 1.11018377892366393, 6.83605733313542618, 0.69811122065311426, 1.12786090778316761, 3.03819432502572084, 6.83015563737491593, 2.96709505773365922, 3.05457693974850741, 3.69299781137632488, 0.34481485668829820, 3.15822034674424446, 1.90846574735941621, 2.24646585809860655, 0.59733050152578571, 0.42794291833206716, 0.89853725190547207, 0.75097094380299301, 0.20146139022745210, 5.22101608604027856, 0.32092922034097121, 1.50315096679206950, 0.09562677479395787, 1.54642277301717646, 6.59586138747830297, 3.10594614614222708, 3.92635268891421019
1, 1, 1, 1, 1
-3.11635116433284143, -2.05158483729644470, 0.00000000000000000, -3.74267350940336607, -3.84861195791075561, 0.00000000000000000, -0.88412946917121715, -3.48265671919043873, 0.00000000000000000, 1.50291243392677787, -3.06551208764282013, 0.00000000000000000, 1.64656523845500935, -3.27731253967315883, 0.00000000000000000

