10 3 3
5.00000000000000000, 3.00000000000000000, 1.00000000000000000
3.00000000000000000, 2.00000000000000000, 1.00000000000000000
1.50000000000000000, 0.59999999999999998, 0.10000000000000001
42.00999999999999801, 39.14999999999999858, 45.57999999999999829, 16.76000000000000156, 13.89000000000000057, 23.87000000000000099, 18.23999999999999844, 47.60999999999999943, 31.78999999999999915, 7.08000000000000007
19.71999999999999886, 39.92000000000000171, 9.88000000000000078, 38.40999999999999659, 27.69999999999999929, 31.44000000000000128, 25.67000000000000171, 45.81000000000000227, 35.85999999999999943, 30.35000000000000142
1.00000000000000000, 1.00000000000000000, 1.00000000000000000, 1.00000000000000000, 1.00000000000000000, 1.00000000000000000, 1.00000000000000000, 1.00000000000000000, 1.00000000000000000, 1.00000000000000000
1, 1, 1
36.25498570156635481, 36.46697173312109186, 0.50409412239881712, 15.55760401127373349, 25.59772288130085727, -0.43662715981354105, 42.00999999999999801, 19.71999999999999886, 0.00000000000000000

