40 3 3
5.00000000000000000, 3.00000000000000000, 1.00000000000000000
3.00000000000000000, 2.00000000000000000, 1.00000000000000000
1.50000000000000000, 0.59999999999999998, 0.10000000000000001
5.16000000000000014, 24.76999999999999957, 49.24000000000000199, 34.21999999999999886, 37.49000000000000199, 14.71000000000000085, 29.21999999999999886, 7.62000000000000011, 6.26999999999999957, 8.21000000000000085, 3.72999999999999998, 2.62999999999999989, 8.81000000000000050, 39.89000000000000057, 32.82999999999999829, 31.96999999999999886, 4.66999999999999993, 26.01000000000000156, 3.50000000000000000, 23.07000000000000028, 28.67000000000000171, 2.60000000000000009, 50.00000000000000000, 44.50000000000000000, 49.89000000000000057, 43.53000000000000114, 0.20999999999999999, 29.69000000000000128, 8.16000000000000014, 45.64999999999999858, 17.94999999999999929, 28.96999999999999886, 34.36999999999999744, 26.53999999999999915, 15.21000000000000085, 28.85000000000000142, 37.39000000000000057, 1.77000000000000002, 41.65999999999999659, 43.65999999999999659
6.29999999999999982, 38.02000000000000313, 46.75000000000000000, 19.16000000000000014, 18.42999999999999972, 11.60999999999999943, 12.22000000000000064, 36.60999999999999943, 39.67000000000000171, 37.25000000000000000, 47.50999999999999801, 26.07999999999999829, 12.00000000000000000, 36.63000000000000256, 48.36999999999999744, 37.99000000000000199, 6.75000000000000000, 3.91000000000000014, 10.23000000000000043, 40.97999999999999687, 37.78000000000000114, 7.88999999999999968, 10.22000000000000064, 6.26999999999999957, 2.70000000000000018, 3.62000000000000011, 46.14999999999999858, 9.01999999999999957, 19.57999999999999829, 40.97999999999999687, 27.62000000000000099, 22.62999999999999901, 4.98000000000000043, 37.85999999999999943, 49.60999999999999943, 43.88000000000000256, 31.44999999999999929, 37.39000000000000057, 46.27000000000000313, 41.54999999999999716
1.00000000000000000, 1.00000000000000000, 1.00000000000000000, 1.00000000000000000, 1.00000000000000000, 1.00000000000000000, 1.00000000000000000, 1.00000000000000000, 1.00000000000000000, 1.00000000000000000, 1.00000000000000000, 1.00000000000000000, 1.00000000000000000, 1.00000000000000000, 1.00000000000000000, 1.00000000000000000, 1.00000000000000000, 1.00000000000000000, 1.00000000000000000, 1.00000000000000000, 1.00000000000000000, 1.00000000000000000, 1.00000000000000000, 1.00000000000000000, 1.00000000000000000, 1.00000000000000000, 1.00000000000000000, 1.00000000000000000, 1.00000000000000000, 1.00000000000000000, 1.00000000000000000, 1.00000000000000000, 1.00000000000000000, 1.00000000000000000, 1.00000000000000000, 1.00000000000000000, 1.00000000000000000, 1.00000000000000000, 1.00000000000000000, 1.00000000000000000
1, 1, 1
27.97183554428237073, 40.08617937113248075, -0.11769766637458431, 3.03451157318803588, 7.71779623702090056, -1.17113687195386573, 7.62000000000000011, 36.60999999999999943, 0.00000000000000000

