50 3 1
5.00000000000000000, 3.00000000000000000, 1.00000000000000000
3.00000000000000000, 2.00000000000000000, 1.00000000000000000
1.50000000000000000, 0.59999999999999998, 0.10000000000000001
48.96999999999999886, 45.17000000000000171, 33.34000000000000341, 8.19999999999999929, 44.45000000000000284, 32.49000000000000199, 31.46999999999999886, 35.03000000000000114, 16.44000000000000128, 3.70999999999999996, 11.17999999999999972, 25.53000000000000114, 14.00000000000000000, 35.96000000000000085, 23.57000000000000028, 47.21999999999999886, 16.82000000000000028, 21.73000000000000043, 17.25000000000000000, 41.65999999999999659, 33.77000000000000313, 24.10000000000000142, 35.60000000000000142, 31.08999999999999986, 20.69999999999999929, 33.70000000000000284, 17.35999999999999943, 30.46000000000000085, 36.53999999999999915, 37.02000000000000313, 46.04999999999999716, 32.65999999999999659, 26.62000000000000099, 13.01999999999999957, 34.31000000000000227, 5.55999999999999961, 28.82999999999999829, 33.32999999999999829, 38.78999999999999915, 16.48000000000000043, 49.21999999999999886, 41.36999999999999744, 9.41000000000000014, 47.92999999999999972, 38.24000000000000199, 6.05999999999999961, 19.19000000000000128, 47.14999999999999858, 43.10000000000000142, 39.67999999999999972
37.18999999999999773, 49.17999999999999972, 24.85999999999999943, 41.50000000000000000, 3.85000000000000009, 12.40000000000000036, 11.46000000000000085, 15.83999999999999986, 11.57000000000000028, 31.64999999999999858, 32.56000000000000227, 48.57000000000000028, 27.30999999999999872, 5.66000000000000014, 29.62999999999999901, 22.55000000000000071, 42.38000000000000256, 0.16000000000000000, 29.92000000000000171, 11.68999999999999950, 24.14999999999999858, 15.25000000000000000, 9.13000000000000078, 2.04000000000000004, 34.79999999999999716, 31.87999999999999901, 9.23000000000000043, 31.35999999999999943, 16.42000000000000171, 10.10999999999999943, 34.24000000000000199, 12.85999999999999943, 4.37999999999999989, 43.86999999999999744, 4.69000000000000039, 18.07999999999999829, 29.66000000000000014, 14.43999999999999950, 14.41999999999999993, 9.49000000000000021, 0.17999999999999999, 16.57000000000000028, 21.82000000000000028, 45.95000000000000284, 34.95000000000000284, 34.28999999999999915, 38.71000000000000085, 45.81000000000000227, 10.17999999999999972, 27.39999999999999858
1.00000000000000000, 1.00000000000000000, 1.00000000000000000, 1.00000000000000000, 1.00000000000000000, 1.00000000000000000, 1.00000000000000000, 1.00000000000000000, 1.00000000000000000, 1.00000000000000000, 1.00000000000000000, 1.00000000000000000, 1.00000000000000000, 1.00000000000000000, 1.00000000000000000, 1.00000000000000000, 1.00000000000000000, 1.00000000000000000, 1.00000000000000000, 1.00000000000000000, 1.00000000000000000, 1.00000000000000000, 1.00000000000000000, 1.00000000000000000, 1.00000000000000000, 1.00000000000000000, 1.00000000000000000, 1.00000000000000000, 1.00000000000000000, 1.00000000000000000, 1.00000000000000000, 1.00000000000000000, 1.00000000000000000, 1.00000000000000000, 1.00000000000000000, 1.00000000000000000, 1.00000000000000000, 1.00000000000000000, 1.00000000000000000, 1.00000000000000000, 1.00000000000000000, 1.00000000000000000, 1.00000000000000000, 1.00000000000000000, 1.00000000000000000, 1.00000000000000000, 1.00000000000000000, 1.00000000000000000, 1.00000000000000000, 1.00000000000000000
1, 0, 0
35.69328893910295619, 12.66781240735717340, 0.69861757398465330

