30 4 4
7.00000000000000000, 5.00000000000000000, 3.00000000000000000, 1.00000000000000000
4.00000000000000000, 3.00000000000000000, 2.00000000000000000, 1.00000000000000000
2.79999999999999982, 1.50000000000000000, 0.59999999999999998, 0.10000000000000001
39.40999999999999659, 16.26000000000000156, 31.89999999999999858, 12.17999999999999972, 6.91000000000000014, 10.60999999999999943, 38.89000000000000057, 0.66000000000000003, 37.25999999999999801, 26.19000000000000128, 11.23000000000000043, 44.85000000000000142, 11.76999999999999957, 36.96999999999999886, 4.62000000000000011, 47.06000000000000227, 32.00000000000000000, 10.74000000000000021, 22.42000000000000171, 15.13000000000000078, 43.79999999999999716, 48.59000000000000341, 32.22999999999999687, 39.93999999999999773, 25.78000000000000114, 31.82999999999999829, 43.21000000000000085, 29.21000000000000085, 47.53999999999999915, 28.82000000000000028
8.83000000000000007, 16.69999999999999929, 9.09999999999999964, 1.22999999999999998, 20.87999999999999901, 19.26000000000000156, 6.48000000000000043, 7.25000000000000000, 26.53000000000000114, 12.34999999999999964, 27.08999999999999986, 42.21000000000000085, 20.85999999999999943, 23.83999999999999986, 23.17000000000000171, 44.03999999999999915, 13.32000000000000028, 13.90000000000000036, 22.91000000000000014, 29.32999999999999829, 25.73999999999999844, 32.68999999999999773, 49.25000000000000000, 19.48000000000000043, 16.12000000000000099, 37.00999999999999801, 26.69000000000000128, 4.98000000000000043, 16.19000000000000128, 2.16999999999999993
1.00000000000000000, 1.00000000000000000, 1.00000000000000000, 1.00000000000000000, 1.00000000000000000, 1.00000000000000000, 1.00000000000000000, 1.00000000000000000, 1.00000000000000000, 1.00000000000000000, 1.00000000000000000, 1.00000000000000000, 1.00000000000000000, 1.00000000000000000, 1.00000000000000000, 1.00000000000000000, 1.00000000000000000, 1.00000000000000000, 1.00000000000000000, 1.00000000000000000, 1.00000000000000000, 1.00000000000000000, 1.00000000000000000, 1.00000000000000000, 1.00000000000000000, 1.00000000000000000, 1.00000000000000000, 1.00000000000000000, 1.00000000000000000, 1.00000000000000000
1, 1, 1, 1
7.93811280275433973, 19.06095130966856033, -1.54211886783180052, 29.11894382139904991, 13.14782567995926499, -1.11263703589862950, 40.93876425776579708, 7.25918833445182976, 1.35302868757189398, 42.80070701674019062, 25.77759698934391253, -1.01504060568258714

