50 4 4
7.00000000000000000, 5.00000000000000000, 3.00000000000000000, 1.00000000000000000
4.00000000000000000, 3.00000000000000000, 2.00000000000000000, 1.00000000000000000
2.79999999999999982, 1.50000000000000000, 0.59999999999999998, 0.10000000000000001
12.82000000000000028, 7.21999999999999975, 40.03999999999999915, 29.96000000000000085, 44.52000000000000313, 1.78000000000000003, 37.35999999999999943, 36.53000000000000114, 40.89000000000000057, 34.61999999999999744, 18.98999999999999844, 17.01999999999999957, 2.00000000000000000, 28.39999999999999858, 3.37999999999999989, 5.61000000000000032, 5.30999999999999961, 44.42000000000000171, 33.40999999999999659, 17.76999999999999957, 40.00999999999999801, 35.81000000000000227, 37.02000000000000313, 18.75000000000000000, 42.03999999999999915, 35.17999999999999972, 0.32000000000000001, 36.40999999999999659, 48.46000000000000085, 8.46000000000000085, 31.67999999999999972, 18.05000000000000071, 26.89999999999999858, 32.34000000000000341, 36.85000000000000142, 38.25000000000000000, 19.64999999999999858, 4.21999999999999975, 46.39999999999999858, 34.59000000000000341, 26.33999999999999986, 49.46999999999999886, 21.96000000000000085, 28.98999999999999844, 0.70999999999999996, 22.26000000000000156, 1.52000000000000002, 19.37000000000000099, 2.77000000000000002, 38.72999999999999687
38.46000000000000085, 28.21000000000000085, 20.57999999999999829, 22.42000000000000171, 15.61999999999999922, 7.87999999999999989, 17.48000000000000043, 41.38000000000000256, 19.69999999999999929, 7.26999999999999957, 46.95000000000000284, 25.37999999999999901, 46.27000000000000313, 6.12999999999999989, 16.85999999999999943, 16.19999999999999929, 12.83000000000000007, 45.35000000000000142, 24.37999999999999901, 27.92999999999999972, 19.53999999999999915, 27.37000000000000099, 22.33999999999999986, 27.91000000000000014, 3.37000000000000011, 11.02999999999999936, 2.18999999999999995, 2.33000000000000007, 14.82000000000000028, 1.84000000000000008, 14.07000000000000028, 36.99000000000000199, 12.46000000000000085, 10.31000000000000050, 0.11000000000000000, 26.85000000000000142, 24.05999999999999872, 6.67999999999999972, 22.96999999999999886, 38.43999999999999773, 19.76999999999999957, 26.66000000000000014, 35.89000000000000057, 20.42000000000000171, 37.45000000000000284, 32.38000000000000256, 40.31000000000000227, 28.42000000000000171, 1.71999999999999997, 39.61999999999999744
1.00000000000000000, 1.00000000000000000, 1.00000000000000000, 1.00000000000000000, 1.00000000000000000, 1.00000000000000000, 1.00000000000000000, 1.00000000000000000, 1.00000000000000000, 1.00000000000000000, 1.00000000000000000, 1.00000000000000000, 1.00000000000000000, 1.00000000000000000, 1.00000000000000000, 1.00000000000000000, 1.00000000000000000, 1.00000000000000000, 1.00000000000000000, 1.00000000000000000, 1.00000000000000000, 1.00000000000000000, 1.00000000000000000, 1.00000000000000000, 1.00000000000000000, 1.00000000000000000, 1.00000000000000000, 1.00000000000000000, 1.00000000000000000, 1.00000000000000000, 1.00000000000000000, 1.00000000000000000, 1.00000000000000000, 1.00000000000000000, 1.00000000000000000, 1.00000000000000000, 1.00000000000000000, 1.00000000000000000, 1.00000000000000000, 1.00000000000000000, 1.00000000000000000, 1.00000000000000000, 1.00000000000000000, 1.00000000000000000, 1.00000000000000000, 1.00000000000000000, 1.00000000000000000, 1.00000000000000000, 1.00000000000000000, 1.00000000000000000
1, 1, 1, 1
19.74217385989190632, 30.98918698745145406, 1.48231136237266803, 34.59245330131467000, 24.18913539928930589, 0.26774552225841736, 3.97177962229113168, 14.76214932986245998, -0.28775005692422118, 39.89602212048571062, 19.59041909365097212, -0.80273746595560025

