30 5 1
9.00000000000000000, 7.00000000000000000, 5.00000000000000000, 3.00000000000000000, 1.00000000000000000
5.00000000000000000, 4.00000000000000000, 3.00000000000000000, 2.00000000000000000, 1.00000000000000000
4.50000000000000000, 2.79999999999999982, 1.50000000000000000, 0.59999999999999998, 0.10000000000000001
29.53000000000000114, 39.00999999999999801, 38.53000000000000114, 28.19999999999999929, 28.80000000000000071, 13.05000000000000071, 10.65000000000000036, 1.60000000000000009, 28.48000000000000043, 15.50000000000000000, 31.85000000000000142, 42.97999999999999687, 47.93999999999999773, 39.39000000000000057, 27.07000000000000028, 32.64000000000000057, 45.89000000000000057, 24.03999999999999915, 13.82000000000000028, 31.41000000000000014, 27.91000000000000014, 19.89000000000000057, 7.05999999999999961, 12.46000000000000085, 28.16000000000000014, 24.55999999999999872, 38.25000000000000000, 2.95999999999999996, 16.14999999999999858, 14.41999999999999993
17.30000000000000071, 17.44000000000000128, 42.15999999999999659, 46.99000000000000199, 25.67000000000000171, 27.26999999999999957, 12.59999999999999964, 23.89000000000000057, 6.67999999999999972, 39.02000000000000313, 10.28999999999999915, 42.96000000000000085, 48.60000000000000142, 28.23000000000000043, 28.58999999999999986, 6.59999999999999964, 21.66000000000000014, 34.42000000000000171, 2.24000000000000021, 42.61999999999999744, 44.46000000000000085, 38.57000000000000028, 21.48999999999999844, 35.53999999999999915, 27.96000000000000085, 10.00999999999999979, 17.55000000000000071, 36.18999999999999773, 42.35000000000000142, 43.21999999999999886
1.00000000000000000, 1.00000000000000000, 1.00000000000000000, 1.00000000000000000, 1.00000000000000000, 1.00000000000000000, 1.00000000000000000, 1.00000000000000000, 1.00000000000000000, 1.00000000000000000, 1.00000000000000000, 1.00000000000000000, 1.00000000000000000, 1.00000000000000000, 1.00000000000000000, 1.00000000000000000, 1.00000000000000000, 1.00000000000000000, 1.00000000000000000, 1.00000000000000000, 1.00000000000000000, 1.00000000000000000, 1.00000000000000000, 1.00000000000000000, 1.00000000000000000, 1.00000000000000000, 1.00000000000000000, 1.00000000000000000, 1.00000000000000000, 1.00000000000000000
0, 0, 1, 0, 0
17.96951491195747863, 41.47304547442962530, -0.10214891798015825

