20 3 1
5.00000000000000000, 3.00000000000000000, 1.00000000000000000
3.00000000000000000, 2.00000000000000000, 1.00000000000000000
1.50000000000000000, 0.59999999999999998, 0.10000000000000001
0.81999999999999995, 6.86000000000000032, 7.83000000000000007, 6.49000000000000021, 49.95000000000000284, 25.64999999999999858, 30.62999999999999901, 31.87999999999999901, 24.67999999999999972, 14.63000000000000078, 26.33999999999999986, 20.01000000000000156, 14.16999999999999993, 40.39000000000000057, 3.49000000000000021, 26.30000000000000071, 9.60999999999999943, 44.50999999999999801, 3.20999999999999996, 22.89000000000000057
12.14000000000000057, 40.21000000000000085, 20.05000000000000071, 5.44000000000000039, 10.91000000000000014, 41.96000000000000085, 14.80000000000000071, 26.21000000000000085, 48.64000000000000057, 38.57000000000000028, 38.50000000000000000, 44.57999999999999829, 17.62000000000000099, 45.95000000000000284, 47.46999999999999886, 4.29999999999999982, 33.15999999999999659, 17.44000000000000128, 1.00000000000000000, 3.14999999999999991
1.00000000000000000, 1.00000000000000000, 1.00000000000000000, 1.00000000000000000, 1.00000000000000000, 1.00000000000000000, 1.00000000000000000, 1.00000000000000000, 1.00000000000000000, 1.00000000000000000, 1.00000000000000000, 1.00000000000000000, 1.00000000000000000, 1.00000000000000000, 1.00000000000000000, 1.00000000000000000, 1.00000000000000000, 1.00000000000000000, 1.00000000000000000, 1.00000000000000000
1, 0, 0
22.91268829683151509, 40.73173229552487840, -1.13278557328316709

