50 3 2
6.00000000000000000, 8.00000000000000000, 10.00000000000000000
4.00000000000000000, 5.00000000000000000, 6.00000000000000000
2.00000000000000000, 3.20000000000000018, 4.79999999999999982
19.69999999999999929, 30.19999999999999929, 44.29999999999999716, 1.69999999999999996, 43.29999999999999716, 13.00000000000000000, 2.60000000000000009, 11.80000000000000071, 15.00000000000000000, 28.10000000000000142, 19.19999999999999929, 45.60000000000000142, 21.89999999999999858, 48.79999999999999716, 49.60000000000000142, 47.60000000000000142, 35.50000000000000000, 48.70000000000000284, 15.69999999999999929, 18.19999999999999929, 4.59999999999999964, 4.09999999999999964, 24.89999999999999858, 19.30000000000000071, 3.00000000000000000, 1.19999999999999996, 5.90000000000000036, 39.00000000000000000, 40.60000000000000142, 5.20000000000000018, 38.10000000000000142, 9.50000000000000000, 28.10000000000000142, 28.19999999999999929, 48.50000000000000000, 26.89999999999999858, 40.50000000000000000, 9.69999999999999929, 6.59999999999999964, 38.29999999999999716, 49.29999999999999716, 45.29999999999999716, 25.50000000000000000, 25.00000000000000000, 2.89999999999999991, 33.89999999999999858, 29.60000000000000142, 44.70000000000000284, 10.80000000000000071, 17.39999999999999858
5.90000000000000036, 45.10000000000000142, 48.00000000000000000, 21.00000000000000000, 7.79999999999999982, 3.20000000000000018, 9.00000000000000000, 1.80000000000000004, 17.80000000000000071, 18.50000000000000000, 18.39999999999999858, 23.80000000000000071, 15.90000000000000036, 40.50000000000000000, 13.59999999999999964, 3.60000000000000009, 41.00000000000000000, 23.80000000000000071, 37.79999999999999716, 39.00000000000000000, 10.69999999999999929, 18.60000000000000142, 26.00000000000000000, 49.29999999999999716, 12.30000000000000071, 46.39999999999999858, 13.59999999999999964, 34.29999999999999716, 36.50000000000000000, 7.50000000000000000, 31.69999999999999929, 20.80000000000000071, 35.89999999999999858, 9.90000000000000036, 34.70000000000000284, 40.00000000000000000, 13.80000000000000071, 43.50000000000000000, 3.89999999999999991, 37.20000000000000284, 46.39999999999999858, 27.69999999999999929, 34.10000000000000142, 8.09999999999999964, 40.00000000000000000, 36.89999999999999858, 8.50000000000000000, 19.50000000000000000, 11.09999999999999964, 16.89999999999999858
1.00000000000000000, 1.00000000000000000, 1.00000000000000000, 1.00000000000000000, 1.00000000000000000, 1.00000000000000000, 1.00000000000000000, 1.00000000000000000, 1.00000000000000000, 1.00000000000000000, 1.00000000000000000, 1.00000000000000000, 1.00000000000000000, 1.00000000000000000, 1.00000000000000000, 1.00000000000000000, 1.00000000000000000, 1.00000000000000000, 1.00000000000000000, 1.00000000000000000, 1.00000000000000000, 1.00000000000000000, 1.00000000000000000, 1.00000000000000000, 1.00000000000000000, 1.00000000000000000, 1.00000000000000000, 1.00000000000000000, 1.00000000000000000, 1.00000000000000000, 1.00000000000000000, 1.00000000000000000, 1.00000000000000000, 1.00000000000000000, 1.00000000000000000, 1.00000000000000000, 1.00000000000000000, 1.00000000000000000, 1.00000000000000000, 1.00000000000000000, 1.00000000000000000, 1.00000000000000000, 1.00000000000000000, 1.00000000000000000, 1.00000000000000000, 1.00000000000000000, 1.00000000000000000, 1.00000000000000000, 1.00000000000000000, 1.00000000000000000
0, 1, 1
7.95787634832706203, 8.79110123440017155, -1.12875257112915817, 41.94287739487064925, 39.78640316156264589, 0.81794480601557040

