10 5 1
9.00000000000000000, 7.00000000000000000, 5.00000000000000000, 3.00000000000000000, 1.00000000000000000
5.00000000000000000, 4.00000000000000000, 3.00000000000000000, 2.00000000000000000, 1.00000000000000000
4.50000000000000000, 2.79999999999999982, 1.50000000000000000, 0.59999999999999998, 0.10000000000000001
10.49000000000000021, 43.14000000000000057, 22.82999999999999829, 33.49000000000000199, 7.59999999999999964, 37.50000000000000000, 25.87000000000000099, 16.32000000000000028, 28.37000000000000099, 20.08999999999999986
36.85999999999999943, 18.53999999999999915, 37.21999999999999886, 36.72999999999999687, 11.82000000000000028, 33.50000000000000000, 28.26000000000000156, 30.73999999999999844, 44.65999999999999659, 3.18999999999999995
1.00000000000000000, 1.00000000000000000, 1.00000000000000000, 1.00000000000000000, 1.00000000000000000, 1.00000000000000000, 1.00000000000000000, 1.00000000000000000, 1.00000000000000000, 1.00000000000000000
0, 0, 0, 1, 0
34.85095489763319421, 34.31542697817618404, -0.67807729623791591

