80 5 3
9.00000000000000000, 7.00000000000000000, 5.00000000000000000, 3.00000000000000000, 1.00000000000000000
5.00000000000000000, 4.00000000000000000, 3.00000000000000000, 2.00000000000000000, 1.00000000000000000
4.50000000000000000, 2.79999999999999982, 1.50000000000000000, 0.59999999999999998, 0.10000000000000001
22.78999999999999915, 0.53000000000000003, 43.35999999999999943, 33.78000000000000114, 46.09000000000000341, 26.39999999999999858, 37.57000000000000028, 6.25999999999999979, 23.05999999999999872, 14.56000000000000050, 34.96000000000000085, 33.40999999999999659, 9.26999999999999957, 11.65000000000000036, 21.32999999999999829, 23.08999999999999986, 5.38999999999999968, 13.81000000000000050, 14.99000000000000021, 49.72999999999999687, 47.17999999999999972, 14.57000000000000028, 46.18999999999999773, 8.65000000000000036, 23.26999999999999957, 12.91999999999999993, 1.79000000000000004, 4.95000000000000018, 3.43999999999999995, 18.78000000000000114, 46.34000000000000341, 18.87999999999999901, 15.50000000000000000, 0.46999999999999997, 30.28000000000000114, 41.57000000000000028, 26.32000000000000028, 12.21000000000000085, 26.98000000000000043, 41.77000000000000313, 44.07999999999999829, 8.48000000000000043, 1.02000000000000002, 6.92999999999999972, 30.01999999999999957, 29.23000000000000043, 17.57999999999999829, 28.08999999999999986, 30.78999999999999915, 13.56000000000000050, 28.75000000000000000, 38.53999999999999915, 11.26999999999999957, 27.58999999999999986, 21.62000000000000099, 38.49000000000000199, 24.03999999999999915, 11.56000000000000050, 10.40000000000000036, 29.51999999999999957, 44.18999999999999773, 16.78999999999999915, 6.84999999999999964, 44.85000000000000142, 23.42000000000000171, 48.71999999999999886, 13.53999999999999915, 7.24000000000000021, 38.00999999999999801, 13.06000000000000050, 4.17999999999999972, 25.32000000000000028, 48.52000000000000313, 3.27999999999999980, 5.37999999999999989, 49.35000000000000142, 41.53999999999999915, 11.33999999999999986, 11.00000000000000000, 36.03000000000000114
25.64999999999999858, 19.69999999999999929, 41.35999999999999943, 0.97999999999999998, 49.59000000000000341, 3.49000000000000021, 20.07000000000000028, 23.89999999999999858, 2.43000000000000016, 43.67000000000000171, 28.57999999999999829, 46.71999999999999886, 7.11000000000000032, 7.71999999999999975, 29.73999999999999844, 44.10999999999999943, 23.62999999999999901, 48.74000000000000199, 47.59000000000000341, 11.08000000000000007, 26.12999999999999901, 34.75000000000000000, 20.83999999999999986, 19.25000000000000000, 23.21000000000000085, 8.23000000000000043, 46.32999999999999829, 11.06000000000000050, 16.60000000000000142, 24.76999999999999957, 41.86999999999999744, 1.71999999999999997, 32.68999999999999773, 30.48999999999999844, 0.19000000000000000, 27.46000000000000085, 6.13999999999999968, 22.51999999999999957, 20.87000000000000099, 0.25000000000000000, 4.69000000000000039, 45.86999999999999744, 13.42999999999999972, 4.45999999999999996, 25.71000000000000085, 26.35999999999999943, 48.10999999999999943, 33.07999999999999829, 28.55000000000000071, 11.08000000000000007, 5.12999999999999989, 5.07000000000000028, 0.75000000000000000, 38.25000000000000000, 19.35000000000000142, 15.68999999999999950, 46.96999999999999886, 25.05999999999999872, 18.48999999999999844, 40.42000000000000171, 8.74000000000000021, 11.76999999999999957, 44.86999999999999744, 37.64000000000000057, 8.41000000000000014, 2.16999999999999993, 37.25999999999999801, 24.80999999999999872, 34.82999999999999829, 9.63000000000000078, 1.55000000000000004, 28.21999999999999886, 36.89000000000000057, 8.91999999999999993, 32.79999999999999716, 49.57000000000000028, 16.12999999999999901, 48.39000000000000057, 6.19000000000000039, 34.42999999999999972
1.00000000000000000, 1.00000000000000000, 1.00000000000000000, 1.00000000000000000, 1.00000000000000000, 1.00000000000000000, 1.00000000000000000, 1.00000000000000000, 1.00000000000000000, 1.00000000000000000, 1.00000000000000000, 1.00000000000000000, 1.00000000000000000, 1.00000000000000000, 1.00000000000000000, 1.00000000000000000, 1.00000000000000000, 1.00000000000000000, 1.00000000000000000, 1.00000000000000000, 1.00000000000000000, 1.00000000000000000, 1.00000000000000000, 1.00000000000000000, 1.00000000000000000, 1.00000000000000000, 1.00000000000000000, 1.00000000000000000, 1.00000000000000000, 1.00000000000000000, 1.00000000000000000, 1.00000000000000000, 1.00000000000000000, 1.00000000000000000, 1.00000000000000000, 1.00000000000000000, 1.00000000000000000, 1.00000000000000000, 1.00000000000000000, 1.00000000000000000, 1.00000000000000000, 1.00000000000000000, 1.00000000000000000, 1.00000000000000000, 1.00000000000000000, 1.00000000000000000, 1.00000000000000000, 1.00000000000000000, 1.00000000000000000, 1.00000000000000000, 1.00000000000000000, 1.00000000000000000, 1.00000000000000000, 1.00000000000000000, 1.00000000000000000, 1.00000000000000000, 1.00000000000000000, 1.00000000000000000, 1.00000000000000000, 1.00000000000000000, 1.00000000000000000, 1.00000000000000000, 1.00000000000000000, 1.00000000000000000, 1.00000000000000000, 1.00000000000000000, 1.00000000000000000, 1.00000000000000000, 1.00000000000000000, 1.00000000000000000, 1.00000000000000000, 1.00000000000000000, 1.00000000000000000, 1.00000000000000000, 1.00000000000000000, 1.00000000000000000, 1.00000000000000000, 1.00000000000000000, 1.00000000000000000, 1.00000000000000000
1, 1, 1, 0, 0
24.90196900191226348, 26.14621916310613159, 0.97850512776837228, 6.88836233124142350, 20.64449878477744704, 0.45234247430860336, 13.76669959904694807, 8.25116287879118460, 0.55476516207348747

