70 4 4
7.00000000000000000, 5.00000000000000000, 3.00000000000000000, 1.00000000000000000
4.00000000000000000, 3.00000000000000000, 2.00000000000000000, 1.00000000000000000
2.79999999999999982, 1.50000000000000000, 0.59999999999999998, 0.10000000000000001
45.32999999999999829, 0.78000000000000003, 40.96999999999999886, 18.10999999999999943, 37.06000000000000227, 25.00000000000000000, 12.59999999999999964, 33.93999999999999773, 11.75999999999999979, 47.03999999999999915, 12.91000000000000014, 38.64000000000000057, 8.94999999999999929, 42.25000000000000000, 18.82999999999999829, 15.10999999999999943, 45.47999999999999687, 44.61999999999999744, 47.82999999999999829, 5.46999999999999975, 37.99000000000000199, 8.25000000000000000, 29.00000000000000000, 11.33999999999999986, 39.42999999999999972, 32.06000000000000227, 32.79999999999999716, 4.94000000000000039, 23.14000000000000057, 23.03000000000000114, 28.71000000000000085, 6.12000000000000011, 4.04000000000000004, 10.63000000000000078, 13.46000000000000085, 36.75999999999999801, 46.57000000000000028, 2.04000000000000004, 37.20000000000000284, 16.32999999999999829, 21.76000000000000156, 28.96999999999999886, 19.08999999999999986, 46.32000000000000028, 31.10999999999999943, 34.18999999999999773, 7.49000000000000021, 34.00999999999999801, 41.06000000000000227, 13.40000000000000036, 10.74000000000000021, 5.96999999999999975, 45.17000000000000171, 32.88000000000000256, 21.39000000000000057, 9.00000000000000000, 47.60000000000000142, 47.71000000000000085, 21.89999999999999858, 8.91999999999999993, 13.38000000000000078, 12.83000000000000007, 33.42000000000000171, 32.40999999999999659, 41.47999999999999687, 29.00000000000000000, 45.96999999999999886, 9.52999999999999936, 42.96999999999999886, 23.51999999999999957
13.96000000000000085, 30.46000000000000085, 31.92999999999999972, 19.01999999999999957, 25.26999999999999957, 23.35999999999999943, 48.53000000000000114, 10.75000000000000000, 47.22999999999999687, 41.28999999999999915, 24.42000000000000171, 2.60000000000000009, 2.43999999999999995, 31.28000000000000114, 31.51999999999999957, 14.16000000000000014, 15.90000000000000036, 36.45000000000000284, 12.72000000000000064, 34.89000000000000057, 30.46999999999999886, 0.58999999999999997, 42.18999999999999773, 40.75999999999999801, 8.38000000000000078, 2.33999999999999986, 20.69000000000000128, 41.75000000000000000, 47.18999999999999773, 41.96999999999999886, 38.14000000000000057, 24.19000000000000128, 0.73999999999999999, 1.87000000000000011, 16.10000000000000142, 1.44999999999999996, 45.00999999999999801, 25.57000000000000028, 13.38000000000000078, 26.62999999999999901, 48.39000000000000057, 4.57000000000000028, 33.92000000000000171, 42.21999999999999886, 19.35000000000000142, 9.82000000000000028, 40.32000000000000028, 11.52999999999999936, 44.64000000000000057, 4.51999999999999957, 0.16000000000000000, 7.30999999999999961, 8.00999999999999979, 32.36999999999999744, 49.21000000000000085, 43.14999999999999858, 37.97999999999999687, 16.69000000000000128, 44.03000000000000114, 3.00999999999999979, 43.10999999999999943, 20.87000000000000099, 46.84000000000000341, 24.48000000000000043, 45.81000000000000227, 2.22000000000000020, 34.96999999999999886, 41.14000000000000057, 42.39999999999999858, 14.35999999999999943
1.00000000000000000, 1.00000000000000000, 1.00000000000000000, 1.00000000000000000, 1.00000000000000000, 1.00000000000000000, 1.00000000000000000, 1.00000000000000000, 1.00000000000000000, 1.00000000000000000, 1.00000000000000000, 1.00000000000000000, 1.00000000000000000, 1.00000000000000000, 1.00000000000000000, 1.00000000000000000, 1.00000000000000000, 1.00000000000000000, 1.00000000000000000, 1.00000000000000000, 1.00000000000000000, 1.00000000000000000, 1.00000000000000000, 1.00000000000000000, 1.00000000000000000, 1.00000000000000000, 1.00000000000000000, 1.00000000000000000, 1.00000000000000000, 1.00000000000000000, 1.00000000000000000, 1.00000000000000000, 1.00000000000000000, 1.00000000000000000, 1.00000000000000000, 1.00000000000000000, 1.00000000000000000, 1.00000000000000000, 1.00000000000000000, 1.00000000000000000, 1.00000000000000000, 1.00000000000000000, 1.00000000000000000, 1.00000000000000000, 1.00000000000000000, 1.00000000000000000, 1.00000000000000000, 1.00000000000000000, 1.00000000000000000, 1.00000000000000000, 1.00000000000000000, 1.00000000000000000, 1.00000000000000000, 1.00000000000000000, 1.00000000000000000, 1.00000000000000000, 1.00000000000000000, 1.00000000000000000, 1.00000000000000000, 1.00000000000000000, 1.00000000000000000, 1.00000000000000000, 1.00000000000000000, 1.00000000000000000, 1.00000000000000000, 1.00000000000000000, 1.00000000000000000, 1.00000000000000000, 1.00000000000000000, 1.00000000000000000
1, 1, 1, 1
43.67481043030796428, 40.99535629348749666, -1.42531648497302776, 10.64834342757432850, 44.19508001046796863, 0.90088279700002893, 9.80369004107683750, 2.16253070297982219, -0.17100417327622050, 33.93999999999999773, 10.75000000000000000, 0.00000000000000000

