80 3 2
5.00000000000000000, 3.00000000000000000, 1.00000000000000000
3.00000000000000000, 2.00000000000000000, 1.00000000000000000
1.50000000000000000, 0.59999999999999998, 0.10000000000000001
12.34999999999999964, 0.87000000000000000, 28.69000000000000128, 29.12999999999999901, 23.87000000000000099, 2.93999999999999995, 32.03999999999999915, 11.13000000000000078, 31.51000000000000156, 36.89999999999999858, 21.92999999999999972, 47.63000000000000256, 44.95000000000000284, 16.67999999999999972, 10.96000000000000085, 47.49000000000000199, 44.21999999999999886, 9.18999999999999950, 39.00999999999999801, 45.24000000000000199, 38.07999999999999829, 16.58999999999999986, 28.03999999999999915, 31.10999999999999943, 23.89999999999999858, 32.68999999999999773, 10.52999999999999936, 43.27000000000000313, 18.67999999999999972, 32.32999999999999829, 33.82999999999999829, 2.93999999999999995, 28.17999999999999972, 0.94999999999999996, 0.45000000000000001, 30.07000000000000028, 44.35999999999999943, 8.65000000000000036, 24.39000000000000057, 31.94999999999999929, 7.76999999999999957, 44.10999999999999943, 44.96999999999999886, 23.78999999999999915, 47.32999999999999829, 43.28000000000000114, 35.92999999999999972, 9.19999999999999929, 8.35999999999999943, 31.30999999999999872, 6.33000000000000007, 47.35000000000000142, 8.03999999999999915, 23.08999999999999986, 45.75999999999999801, 30.71000000000000085, 19.69000000000000128, 21.82999999999999829, 12.19999999999999929, 28.30999999999999872, 1.73999999999999999, 40.70000000000000284, 17.82000000000000028, 1.78000000000000003, 10.05000000000000071, 34.99000000000000199, 44.46999999999999886, 17.07000000000000028, 38.34000000000000341, 34.93999999999999773, 45.21000000000000085, 37.61999999999999744, 40.46999999999999886, 29.55999999999999872, 5.07000000000000028, 12.21000000000000085, 29.46000000000000085, 44.47999999999999687, 2.79999999999999982, 23.44999999999999929
20.33999999999999986, 35.88000000000000256, 40.64999999999999858, 22.33999999999999986, 49.75999999999999801, 3.70999999999999996, 29.85999999999999943, 10.99000000000000021, 46.17999999999999972, 23.14000000000000057, 42.53000000000000114, 47.45000000000000284, 38.35000000000000142, 26.83999999999999986, 23.87999999999999901, 23.30999999999999872, 48.35999999999999943, 22.89999999999999858, 38.32000000000000028, 12.88000000000000078, 48.17999999999999972, 20.12000000000000099, 27.71999999999999886, 9.55000000000000071, 18.01000000000000156, 45.82999999999999829, 30.32999999999999829, 5.49000000000000021, 9.94999999999999929, 29.62999999999999901, 29.82000000000000028, 28.03999999999999915, 12.13000000000000078, 17.19000000000000128, 46.17999999999999972, 38.53000000000000114, 46.65999999999999659, 22.39999999999999858, 39.75999999999999801, 48.28000000000000114, 14.64000000000000057, 18.30000000000000071, 37.38000000000000256, 13.65000000000000036, 6.12000000000000011, 31.16000000000000014, 46.22999999999999687, 14.10999999999999943, 10.15000000000000036, 8.81000000000000050, 11.38000000000000078, 0.68999999999999995, 6.00000000000000000, 32.42999999999999972, 5.04000000000000004, 3.52999999999999980, 24.82000000000000028, 14.66000000000000014, 45.61999999999999744, 9.53999999999999915, 21.58999999999999986, 37.67000000000000171, 49.89999999999999858, 26.17999999999999972, 33.09000000000000341, 16.37999999999999901, 32.34000000000000341, 2.50999999999999979, 40.17000000000000171, 34.10000000000000142, 15.65000000000000036, 14.90000000000000036, 9.44999999999999929, 2.66999999999999993, 7.86000000000000032, 6.80999999999999961, 2.89999999999999991, 47.28000000000000114, 46.25999999999999801, 12.84999999999999964
1.00000000000000000, 1.00000000000000000, 1.00000000000000000, 1.00000000000000000, 1.00000000000000000, 1.00000000000000000, 1.00000000000000000, 1.00000000000000000, 1.00000000000000000, 1.00000000000000000, 1.00000000000000000, 1.00000000000000000, 1.00000000000000000, 1.00000000000000000, 1.00000000000000000, 1.00000000000000000, 1.00000000000000000, 1.00000000000000000, 1.00000000000000000, 1.00000000000000000, 1.00000000000000000, 1.00000000000000000, 1.00000000000000000, 1.00000000000000000, 1.00000000000000000, 1.00000000000000000, 1.00000000000000000, 1.00000000000000000, 1.00000000000000000, 1.00000000000000000, 1.00000000000000000, 1.00000000000000000, 1.00000000000000000, 1.00000000000000000, 1.00000000000000000, 1.00000000000000000, 1.00000000000000000, 1.00000000000000000, 1.00000000000000000, 1.00000000000000000, 1.00000000000000000, 1.00000000000000000, 1.00000000000000000, 1.00000000000000000, 1.00000000000000000, 1.00000000000000000, 1.00000000000000000, 1.00000000000000000, 1.00000000000000000, 1.00000000000000000, 1.00000000000000000, 1.00000000000000000, 1.00000000000000000, 1.00000000000000000, 1.00000000000000000, 1.00000000000000000, 1.00000000000000000, 1.00000000000000000, 1.00000000000000000, 1.00000000000000000, 1.00000000000000000, 1.00000000000000000, 1.00000000000000000, 1.00000000000000000, 1.00000000000000000, 1.00000000000000000, 1.00000000000000000, 1.00000000000000000, 1.00000000000000000, 1.00000000000000000, 1.00000000000000000, 1.00000000000000000, 1.00000000000000000, 1.00000000000000000, 1.00000000000000000, 1.00000000000000000, 1.00000000000000000, 1.00000000000000000, 1.00000000000000000, 1.00000000000000000
1, 1, 0
28.54229798995546119, 7.14736083845453773, -1.52900086541993740, 45.50797160063908109, 46.34228918481241521, -0.26078490680280542

