70 5 2
9.00000000000000000, 7.00000000000000000, 5.00000000000000000, 3.00000000000000000, 1.00000000000000000
5.00000000000000000, 4.00000000000000000, 3.00000000000000000, 2.00000000000000000, 1.00000000000000000
4.50000000000000000, 2.79999999999999982, 1.50000000000000000, 0.59999999999999998, 0.10000000000000001
19.78999999999999915, 1.43999999999999995, 26.55999999999999872, 33.21999999999999886, 4.95999999999999996, 20.14000000000000057, 33.54999999999999716, 44.92000000000000171, 19.80000000000000071, 21.03999999999999915, 1.36000000000000010, 8.53999999999999915, 20.78000000000000114, 48.13000000000000256, 35.92000000000000171, 3.91000000000000014, 40.64999999999999858, 29.82000000000000028, 44.92999999999999972, 43.20000000000000284, 24.26000000000000156, 31.10000000000000142, 41.71000000000000085, 48.03999999999999915, 4.41000000000000014, 20.28999999999999915, 37.43999999999999773, 29.76000000000000156, 34.54999999999999716, 38.78000000000000114, 0.44000000000000000, 26.16000000000000014, 48.03000000000000114, 8.30000000000000071, 19.03000000000000114, 42.85999999999999943, 14.83999999999999986, 1.11000000000000010, 49.97999999999999687, 18.05999999999999872, 18.23000000000000043, 10.16000000000000014, 17.17000000000000171, 13.89000000000000057, 17.80000000000000071, 22.17999999999999972, 45.36999999999999744, 9.33000000000000007, 4.33000000000000007, 36.35999999999999943, 19.12000000000000099, 16.66000000000000014, 3.18000000000000016, 40.50999999999999801, 16.92000000000000171, 7.54999999999999982, 46.90999999999999659, 40.82999999999999829, 7.62999999999999989, 15.80000000000000071, 7.40000000000000036, 43.65999999999999659, 36.32999999999999829, 46.17000000000000171, 20.62000000000000099, 14.01999999999999957, 11.75000000000000000, 23.69999999999999929, 48.45000000000000284, 18.08999999999999986
18.07999999999999829, 24.12000000000000099, 39.59000000000000341, 25.98999999999999844, 11.22000000000000064, 31.21000000000000085, 28.35999999999999943, 40.22999999999999687, 28.37999999999999901, 8.77999999999999936, 18.35999999999999943, 23.98000000000000043, 5.71999999999999975, 30.55999999999999872, 22.55999999999999872, 5.70000000000000018, 5.33999999999999986, 17.21000000000000085, 13.05000000000000071, 49.89000000000000057, 13.33999999999999986, 7.80999999999999961, 26.01999999999999957, 11.50999999999999979, 19.07999999999999829, 5.76999999999999957, 28.82999999999999829, 8.22000000000000064, 27.87999999999999901, 20.46000000000000085, 42.68999999999999773, 41.09000000000000341, 5.99000000000000021, 42.96000000000000085, 1.50000000000000000, 43.29999999999999716, 23.96000000000000085, 6.54999999999999982, 49.14999999999999858, 4.38999999999999968, 38.34000000000000341, 5.67999999999999972, 39.90999999999999659, 1.71999999999999997, 2.68000000000000016, 18.23999999999999844, 48.34000000000000341, 43.39999999999999858, 17.62999999999999901, 23.35999999999999943, 29.21999999999999886, 33.96000000000000085, 17.76999999999999957, 3.16000000000000014, 8.57000000000000028, 35.15999999999999659, 17.71000000000000085, 14.08999999999999986, 4.73000000000000043, 25.42000000000000171, 37.97999999999999687, 2.77000000000000002, 2.99000000000000021, 40.65999999999999659, 32.53000000000000114, 39.74000000000000199, 30.67999999999999972, 14.92999999999999972, 14.22000000000000064, 15.36999999999999922
1.00000000000000000, 1.00000000000000000, 1.00000000000000000, 1.00000000000000000, 1.00000000000000000, 1.00000000000000000, 1.00000000000000000, 1.00000000000000000, 1.00000000000000000, 1.00000000000000000, 1.00000000000000000, 1.00000000000000000, 1.00000000000000000, 1.00000000000000000, 1.00000000000000000, 1.00000000000000000, 1.00000000000000000, 1.00000000000000000, 1.00000000000000000, 1.00000000000000000, 1.00000000000000000, 1.00000000000000000, 1.00000000000000000, 1.00000000000000000, 1.00000000000000000, 1.00000000000000000, 1.00000000000000000, 1.00000000000000000, 1.00000000000000000, 1.00000000000000000, 1.00000000000000000, 1.00000000000000000, 1.00000000000000000, 1.00000000000000000, 1.00000000000000000, 1.00000000000000000, 1.00000000000000000, 1.00000000000000000, 1.00000000000000000, 1.00000000000000000, 1.00000000000000000, 1.00000000000000000, 1.00000000000000000, 1.00000000000000000, 1.00000000000000000, 1.00000000000000000, 1.00000000000000000, 1.00000000000000000, 1.00000000000000000, 1.00000000000000000, 1.00000000000000000, 1.00000000000000000, 1.00000000000000000, 1.00000000000000000, 1.00000000000000000, 1.00000000000000000, 1.00000000000000000, 1.00000000000000000, 1.00000000000000000, 1.00000000000000000, 1.00000000000000000, 1.00000000000000000, 1.00000000000000000, 1.00000000000000000, 1.00000000000000000, 1.00000000000000000, 1.00000000000000000, 1.00000000000000000, 1.00000000000000000, 1.00000000000000000
1, 1, 0, 0, 0
19.26647942383129219, 9.72463831964421033, 1.24140376094137461, 39.44949143507144385, 24.60338411346416621, -0.53818717323095622

