30 3 3
5.00000000000000000, 3.00000000000000000, 1.00000000000000000
3.00000000000000000, 2.00000000000000000, 1.00000000000000000
1.50000000000000000, 0.59999999999999998, 0.10000000000000001
11.91000000000000014, 45.10999999999999943, 13.33000000000000007, 18.76000000000000156, 25.62999999999999901, 26.57999999999999829, 21.87999999999999901, 46.53999999999999915, 14.21000000000000085, 32.00000000000000000, 34.39000000000000057, 22.01000000000000156, 41.46000000000000085, 11.44999999999999929, 17.51999999999999957, 47.82000000000000028, 32.86999999999999744, 21.98000000000000043, 19.92000000000000171, 34.21000000000000085, 24.12000000000000099, 47.50999999999999801, 7.37999999999999989, 32.04999999999999716, 30.98000000000000043, 39.29999999999999716, 22.35000000000000142, 9.38000000000000078, 27.82000000000000028, 8.48000000000000043
48.53000000000000114, 42.54999999999999716, 26.98999999999999844, 38.00999999999999801, 33.39000000000000057, 1.95999999999999996, 46.59000000000000341, 36.04999999999999716, 36.92999999999999972, 17.69999999999999929, 8.30000000000000071, 44.00000000000000000, 16.51999999999999957, 44.67000000000000171, 34.32999999999999829, 29.42999999999999972, 42.92999999999999972, 46.20000000000000284, 40.74000000000000199, 45.54999999999999716, 10.78999999999999915, 46.00999999999999801, 44.04999999999999716, 21.60000000000000142, 14.05000000000000071, 15.36999999999999922, 11.31000000000000050, 13.81000000000000050, 20.82999999999999829, 45.34000000000000341
1.00000000000000000, 1.00000000000000000, 1.00000000000000000, 1.00000000000000000, 1.00000000000000000, 1.00000000000000000, 1.00000000000000000, 1.00000000000000000, 1.00000000000000000, 1.00000000000000000, 1.00000000000000000, 1.00000000000000000, 1.00000000000000000, 1.00000000000000000, 1.00000000000000000, 1.00000000000000000, 1.00000000000000000, 1.00000000000000000, 1.00000000000000000, 1.00000000000000000, 1.00000000000000000, 1.00000000000000000, 1.00000000000000000, 1.00000000000000000, 1.00000000000000000, 1.00000000000000000, 1.00000000000000000, 1.00000000000000000, 1.00000000000000000, 1.00000000000000000
1, 1, 1
21.47040388972266811, 41.88167131282811795, 1.22202532321099011, 9.19589614415606782, 45.79831079562060125, 0.15117195181546542, 23.12613174796732807, 10.67942921904263542, -0.28574553778070000

