25 3 3
6.00000000000000000, 8.00000000000000000, 10.00000000000000000
4.00000000000000000, 5.00000000000000000, 6.00000000000000000
2.00000000000000000, 3.20000000000000018, 4.79999999999999982
11.50000000000000000, 13.40000000000000036, 4.20000000000000018, 39.89999999999999858, 14.19999999999999929, 17.10000000000000142, 24.60000000000000142, 30.80000000000000071, 37.50000000000000000, 12.69999999999999929, 49.10000000000000142, 27.30000000000000071, 45.60000000000000142, 3.39999999999999991, 48.50000000000000000, 48.50000000000000000, 8.59999999999999964, 11.19999999999999929, 27.10000000000000142, 29.39999999999999858, 3.50000000000000000, 29.10000000000000142, 38.89999999999999858, 13.40000000000000036, 44.70000000000000284
43.20000000000000284, 42.60000000000000142, 39.89999999999999858, 38.39999999999999858, 47.50000000000000000, 22.00000000000000000, 14.09999999999999964, 18.30000000000000071, 27.30000000000000071, 26.30000000000000071, 44.60000000000000142, 14.09999999999999964, 11.09999999999999964, 30.80000000000000071, 30.60000000000000142, 19.00000000000000000, 39.70000000000000284, 34.89999999999999858, 1.30000000000000004, 9.30000000000000071, 15.80000000000000071, 6.79999999999999982, 18.60000000000000142, 17.19999999999999929, 9.69999999999999929
1.00000000000000000, 1.00000000000000000, 1.00000000000000000, 1.00000000000000000, 1.00000000000000000, 1.00000000000000000, 1.00000000000000000, 1.00000000000000000, 1.00000000000000000, 1.00000000000000000, 1.00000000000000000, 1.00000000000000000, 1.00000000000000000, 1.00000000000000000, 1.00000000000000000, 1.00000000000000000, 1.00000000000000000, 1.00000000000000000, 1.00000000000000000, 1.00000000000000000, 1.00000000000000000, 1.00000000000000000, 1.00000000000000000, 1.00000000000000000, 1.00000000000000000
1, 1, 1
25.94999999999999929, 10.20256494601898467, 0.00000000000000000, 9.75124543016571721, 41.02992908306331543, 1.12529520860796017, 42.33442724669193780, 19.41612326560999335, -1.33436261529385192

