80 4 2
7.00000000000000000, 5.00000000000000000, 3.00000000000000000, 1.00000000000000000
4.00000000000000000, 3.00000000000000000, 2.00000000000000000, 1.00000000000000000
2.79999999999999982, 1.50000000000000000, 0.59999999999999998, 0.10000000000000001
41.60999999999999943, 7.50000000000000000, 20.50000000000000000, 5.91000000000000014, 49.25000000000000000, 45.40999999999999659, 7.92999999999999972, 33.50000000000000000, 5.07000000000000028, 15.83000000000000007, 11.72000000000000064, 48.77000000000000313, 29.80000000000000071, 48.84000000000000341, 0.69999999999999996, 37.13000000000000256, 4.87999999999999989, 31.51999999999999957, 49.85000000000000142, 17.78000000000000114, 2.25000000000000000, 11.73000000000000043, 21.42000000000000171, 1.53000000000000003, 11.14000000000000057, 23.03999999999999915, 12.19999999999999929, 30.55000000000000071, 30.10000000000000142, 14.76999999999999957, 1.75000000000000000, 23.10000000000000142, 46.53000000000000114, 32.00999999999999801, 42.04999999999999716, 45.47999999999999687, 12.96000000000000085, 4.48000000000000043, 2.43999999999999995, 10.85999999999999943, 23.37999999999999901, 36.42999999999999972, 5.70999999999999996, 27.57000000000000028, 46.38000000000000256, 16.60999999999999943, 44.22999999999999687, 4.75999999999999979, 44.34000000000000341, 37.14999999999999858, 36.54999999999999716, 30.69000000000000128, 39.84000000000000341, 33.89000000000000057, 41.17999999999999972, 5.84999999999999964, 28.64999999999999858, 0.13000000000000000, 9.26999999999999957, 20.17999999999999972, 20.03000000000000114, 3.77999999999999980, 26.50000000000000000, 5.00999999999999979, 45.31000000000000227, 7.21999999999999975, 24.78999999999999915, 31.35999999999999943, 23.08999999999999986, 6.90000000000000036, 10.00000000000000000, 28.82999999999999829, 5.04000000000000004, 23.01999999999999957, 6.66000000000000014, 19.94999999999999929, 29.98000000000000043, 40.93999999999999773, 32.28000000000000114, 27.30999999999999872
32.52000000000000313, 39.21000000000000085, 5.21999999999999975, 42.39999999999999858, 14.82000000000000028, 12.63000000000000078, 8.23000000000000043, 41.35000000000000142, 15.91000000000000014, 46.54999999999999716, 44.82999999999999829, 7.70000000000000018, 8.28999999999999915, 22.76999999999999957, 22.35999999999999943, 42.31000000000000227, 44.64000000000000057, 25.37999999999999901, 37.42999999999999972, 49.10000000000000142, 13.17999999999999972, 10.17999999999999972, 45.22999999999999687, 26.48999999999999844, 17.35999999999999943, 22.85999999999999943, 21.80999999999999872, 41.99000000000000199, 29.39000000000000057, 30.80000000000000071, 1.89999999999999991, 6.62999999999999989, 4.62000000000000011, 46.39000000000000057, 49.78000000000000114, 44.29999999999999716, 7.20999999999999996, 34.38000000000000256, 6.00999999999999979, 13.57000000000000028, 33.89999999999999858, 35.57000000000000028, 16.98999999999999844, 35.81000000000000227, 42.32999999999999829, 48.13000000000000256, 39.71000000000000085, 40.75999999999999801, 36.77000000000000313, 36.39000000000000057, 32.63000000000000256, 49.50999999999999801, 35.17000000000000171, 42.28000000000000114, 44.75000000000000000, 14.56000000000000050, 42.28000000000000114, 34.35999999999999943, 27.69999999999999929, 5.65000000000000036, 36.78999999999999915, 14.25000000000000000, 8.53999999999999915, 20.83999999999999986, 42.15999999999999659, 31.85000000000000142, 37.90999999999999659, 14.63000000000000078, 15.25000000000000000, 14.26999999999999957, 12.75000000000000000, 38.64999999999999858, 28.96000000000000085, 14.30000000000000071, 43.18999999999999773, 26.67999999999999972, 23.73000000000000043, 6.48000000000000043, 45.95000000000000284, 27.57999999999999829
1.00000000000000000, 1.00000000000000000, 1.00000000000000000, 1.00000000000000000, 1.00000000000000000, 1.00000000000000000, 1.00000000000000000, 1.00000000000000000, 1.00000000000000000, 1.00000000000000000, 1.00000000000000000, 1.00000000000000000, 1.00000000000000000, 1.00000000000000000, 1.00000000000000000, 1.00000000000000000, 1.00000000000000000, 1.00000000000000000, 1.00000000000000000, 1.00000000000000000, 1.00000000000000000, 1.00000000000000000, 1.00000000000000000, 1.00000000000000000, 1.00000000000000000, 1.00000000000000000, 1.00000000000000000, 1.00000000000000000, 1.00000000000000000, 1.00000000000000000, 1.00000000000000000, 1.00000000000000000, 1.00000000000000000, 1.00000000000000000, 1.00000000000000000, 1.00000000000000000, 1.00000000000000000, 1.00000000000000000, 1.00000000000000000, 1.00000000000000000, 1.00000000000000000, 1.00000000000000000, 1.00000000000000000, 1.00000000000000000, 1.00000000000000000, 1.00000000000000000, 1.00000000000000000, 1.00000000000000000, 1.00000000000000000, 1.00000000000000000, 1.00000000000000000, 1.00000000000000000, 1.00000000000000000, 1.00000000000000000, 1.00000000000000000, 1.00000000000000000, 1.00000000000000000, 1.00000000000000000, 1.00000000000000000, 1.00000000000000000, 1.00000000000000000, 1.00000000000000000, 1.00000000000000000, 1.00000000000000000, 1.00000000000000000, 1.00000000000000000, 1.00000000000000000, 1.00000000000000000, 1.00000000000000000, 1.00000000000000000, 1.00000000000000000, 1.00000000000000000, 1.00000000000000000, 1.00000000000000000, 1.00000000000000000, 1.00000000000000000, 1.00000000000000000, 1.00000000000000000, 1.00000000000000000, 1.00000000000000000
1, 1, 0, 0
8.36492179214773479, 11.96799720690441227, -0.55929064102694648, 31.34082148740444396, 44.67811538496923873, 1.53328717385554492

