Instance: n=50, m=3, k=1
a = [5, 3, 1]
b = [3, 2, 1]
wel = [1.5, 0.6, 0.1]
X = [48.97, 45.17, 33.34, 8.2, 44.45, 32.49, 31.47, 35.03, 16.44, 3.71, 11.18, 25.53, 14, 35.96, 23.57, 47.22, 16.82, 21.73, 17.25, 41.66, 33.77, 24.1, 35.6, 31.09, 20.7, 33.7, 17.36, 30.46, 36.54, 37.02, 46.05, 32.66, 26.62, 13.02, 34.31, 5.56, 28.83, 33.33, 38.79, 16.48, 49.22, 41.37, 9.41, 47.93, 38.24, 6.06, 19.19, 47.15, 43.1, 39.68]
Y = [37.19, 49.18, 24.86, 41.5, 3.85, 12.4, 11.46, 15.84, 11.57, 31.65, 32.56, 48.57, 27.31, 5.66, 29.63, 22.55, 42.38, 0.16, 29.92, 11.69, 24.15, 15.25, 9.13, 2.04, 34.8, 31.88, 9.23, 31.36, 16.42, 10.11, 34.24, 12.86, 4.38, 43.87, 4.69, 18.08, 29.66, 14.44, 14.42, 9.49, 0.18, 16.57, 21.82, 45.95, 34.95, 34.29, 38.71, 45.81, 10.18, 27.4]
wpnt = [1, 1, 1, 1, 1, 1, 1, 1, 1, 1, 1, 1, 1, 1, 1, 1, 1, 1, 1, 1, 1, 1, 1, 1, 1, 1, 1, 1, 1, 1, 1, 1, 1, 1, 1, 1, 1, 1, 1, 1, 1, 1, 1, 1, 1, 1, 1, 1, 1, 1]

Solution: 
Time in Phase 1: 6.97943
Ell(i): 58
Ell(i): 39
Ell(i): 42
Time in Phase 2: 1.7e-05
Number of solutions attempted: 104
Maximum Cover has value:14

0-th ellipse solution 
Weight: 9 (xc, yc, theta) -> (35.6933, 12.6678, 0.698618)

1-th ellipse solution 
Weight: 3 (xc, yc, theta) -> (45.4763, 46.6476, -0.863702)

2-th ellipse solution 
Weight: 2 (xc, yc, theta) -> (32.922, 24.1044, 0)

