Instance: n=50, m=4, k=4
a = [7, 5, 3, 1]
b = [4, 3, 2, 1]
wel = [2.8, 1.5, 0.6, 0.1]
X = [12.82, 7.22, 40.04, 29.96, 44.52, 1.78, 37.36, 36.53, 40.89, 34.62, 18.99, 17.02, 2, 28.4, 3.38, 5.61, 5.31, 44.42, 33.41, 17.77, 40.01, 35.81, 37.02, 18.75, 42.04, 35.18, 0.32, 36.41, 48.46, 8.46, 31.68, 18.05, 26.9, 32.34, 36.85, 38.25, 19.65, 4.22, 46.4, 34.59, 26.34, 49.47, 21.96, 28.99, 0.71, 22.26, 1.52, 19.37, 2.77, 38.73]
Y = [38.46, 28.21, 20.58, 22.42, 15.62, 7.88, 17.48, 41.38, 19.7, 7.27, 46.95, 25.38, 46.27, 6.13, 16.86, 16.2, 12.83, 45.35, 24.38, 27.93, 19.54, 27.37, 22.34, 27.91, 3.37, 11.03, 2.19, 2.33, 14.82, 1.84, 14.07, 36.99, 12.46, 10.31, 0.11, 26.85, 24.06, 6.68, 22.97, 38.44, 19.77, 26.66, 35.89, 20.42, 37.45, 32.38, 40.31, 28.42, 1.72, 39.62]
wpnt = [1, 1, 1, 1, 1, 1, 1, 1, 1, 1, 1, 1, 1, 1, 1, 1, 1, 1, 1, 1, 1, 1, 1, 1, 1, 1, 1, 1, 1, 1, 1, 1, 1, 1, 1, 1, 1, 1, 1, 1, 1, 1, 1, 1, 1, 1, 1, 1, 1, 1]

Solution: 
Time in Phase 1: 10.5839
Ell(i): 79
Ell(i): 52
Ell(i): 37
Ell(i): 46
Time in Phase 2: 0.001812
Number of solutions attempted: 16722
Maximum Cover has value:19

0-th ellipse solution 
Weight: 8 (xc, yc, theta) -> (19.7422, 30.9892, 1.48231)

1-th ellipse solution 
Weight: 5 (xc, yc, theta) -> (34.5925, 24.1891, 0.267746)

2-th ellipse solution 
Weight: 3 (xc, yc, theta) -> (3.97178, 14.7621, -0.28775)

3-th ellipse solution 
Weight: 3 (xc, yc, theta) -> (39.896, 19.5904, -0.802737)

