Instance: n=70, m=3, k=3
a = [5, 3, 1]
b = [3, 2, 1]
wel = [1.5, 0.6, 0.1]
X = [24.09, 41.34, 17.86, 17.21, 32.96, 12.87, 31.3, 15.41, 9.9, 5.49, 39.11, 10.02, 15.78, 11.55, 26.64, 27.77, 19.01, 15.27, 13.02, 27.62, 34.3, 34.89, 32.29, 26.65, 30.92, 25.93, 18.11, 40.09, 7.64, 3.18, 9.38, 35.02, 0.06, 15.26, 32.77, 9.06, 33.37, 32.67, 44.25, 7.86, 41.45, 45.21, 19.73, 43.45, 36.95, 11.66, 27.57, 24.72, 46.96, 40.71, 32.86, 46.79, 43.72, 31.89, 38.77, 13.14, 23.53, 39.77, 43.65, 20.62, 29.84, 26.93, 28.95, 35.05, 41.63, 5.63, 25.52, 40.72, 31.88, 7.2]
Y = [11.27, 14.54, 43.91, 40.75, 1.82, 38.91, 41.81, 11.05, 30.62, 33.73, 35.97, 20.06, 21.7, 19.29, 7.74, 0.73, 19.11, 36.87, 32.48, 45.98, 40.49, 15.6, 0.3, 42.2, 32.13, 20.04, 35.94, 33.89, 1.64, 34.29, 30.95, 28.39, 0.29, 13.08, 42.88, 17.07, 43.95, 15.66, 9.31, 25.17, 33.78, 9.56, 35.3, 27.37, 46.62, 46.33, 46.67, 27.63, 39.98, 29.72, 49.76, 16.23, 29.46, 37.97, 39.75, 30.22, 8.35, 43.25, 33.22, 30.6, 32.28, 7.42, 1.65, 25.91, 25.75, 24.49, 2.42, 19.23, 22.61, 20.65]
wpnt = [1, 1, 1, 1, 1, 1, 1, 1, 1, 1, 1, 1, 1, 1, 1, 1, 1, 1, 1, 1, 1, 1, 1, 1, 1, 1, 1, 1, 1, 1, 1, 1, 1, 1, 1, 1, 1, 1, 1, 1, 1, 1, 1, 1, 1, 1, 1, 1, 1, 1, 1, 1, 1, 1, 1, 1, 1, 1, 1, 1, 1, 1, 1, 1, 1, 1, 1, 1, 1, 1]

Solution: 
Time in Phase 1: 19.4421
Ell(i): 105
Ell(i): 56
Ell(i): 59
Time in Phase 2: 1.2e-05
Number of solutions attempted: 50
Maximum Cover has value:13

0-th ellipse solution 
Weight: 7 (xc, yc, theta) -> (41.0634, 29.6514, 1.35706)

1-th ellipse solution 
Weight: 4 (xc, yc, theta) -> (33.1329, 39.934, -1.31676)

2-th ellipse solution 
Weight: 2 (xc, yc, theta) -> (29.9645, 32.0446, 0)

