Instance: n=80, m=3, k=2
a = [5, 3, 1]
b = [3, 2, 1]
wel = [1.5, 0.6, 0.1]
X = [12.35, 0.87, 28.69, 29.13, 23.87, 2.94, 32.04, 11.13, 31.51, 36.9, 21.93, 47.63, 44.95, 16.68, 10.96, 47.49, 44.22, 9.19, 39.01, 45.24, 38.08, 16.59, 28.04, 31.11, 23.9, 32.69, 10.53, 43.27, 18.68, 32.33, 33.83, 2.94, 28.18, 0.95, 0.45, 30.07, 44.36, 8.65, 24.39, 31.95, 7.77, 44.11, 44.97, 23.79, 47.33, 43.28, 35.93, 9.2, 8.36, 31.31, 6.33, 47.35, 8.04, 23.09, 45.76, 30.71, 19.69, 21.83, 12.2, 28.31, 1.74, 40.7, 17.82, 1.78, 10.05, 34.99, 44.47, 17.07, 38.34, 34.94, 45.21, 37.62, 40.47, 29.56, 5.07, 12.21, 29.46, 44.48, 2.8, 23.45]
Y = [20.34, 35.88, 40.65, 22.34, 49.76, 3.71, 29.86, 10.99, 46.18, 23.14, 42.53, 47.45, 38.35, 26.84, 23.88, 23.31, 48.36, 22.9, 38.32, 12.88, 48.18, 20.12, 27.72, 9.55, 18.01, 45.83, 30.33, 5.49, 9.95, 29.63, 29.82, 28.04, 12.13, 17.19, 46.18, 38.53, 46.66, 22.4, 39.76, 48.28, 14.64, 18.3, 37.38, 13.65, 6.12, 31.16, 46.23, 14.11, 10.15, 8.81, 11.38, 0.69, 6, 32.43, 5.04, 3.53, 24.82, 14.66, 45.62, 9.54, 21.59, 37.67, 49.9, 26.18, 33.09, 16.38, 32.34, 2.51, 40.17, 34.1, 15.65, 14.9, 9.45, 2.67, 7.86, 6.81, 2.9, 47.28, 46.26, 12.85]
wpnt = [1, 1, 1, 1, 1, 1, 1, 1, 1, 1, 1, 1, 1, 1, 1, 1, 1, 1, 1, 1, 1, 1, 1, 1, 1, 1, 1, 1, 1, 1, 1, 1, 1, 1, 1, 1, 1, 1, 1, 1, 1, 1, 1, 1, 1, 1, 1, 1, 1, 1, 1, 1, 1, 1, 1, 1, 1, 1, 1, 1, 1, 1, 1, 1, 1, 1, 1, 1, 1, 1, 1, 1, 1, 1, 1, 1, 1, 1, 1, 1]

Solution: 
Time in Phase 1: 29.3796
Ell(i): 110
Ell(i): 54
Ell(i): 65
Time in Phase 2: 1.4e-05
Number of solutions attempted: 59
Maximum Cover has value:14

0-th ellipse solution 
Weight: 7 (xc, yc, theta) -> (28.5423, 7.14736, -1.529)

1-th ellipse solution 
Weight: 4 (xc, yc, theta) -> (45.508, 46.3423, -0.260785)

2-th ellipse solution 
Weight: 3 (xc, yc, theta) -> (32.9803, 29.6594, 0)

