Instance: n=80, m=4, k=3
a = [7, 5, 3, 1]
b = [4, 3, 2, 1]
wel = [2.8, 1.5, 0.6, 0.1]
X = [41.61, 7.5, 20.5, 5.91, 49.25, 45.41, 7.93, 33.5, 5.07, 15.83, 11.72, 48.77, 29.8, 48.84, 0.7, 37.13, 4.88, 31.52, 49.85, 17.78, 2.25, 11.73, 21.42, 1.53, 11.14, 23.04, 12.2, 30.55, 30.1, 14.77, 1.75, 23.1, 46.53, 32.01, 42.05, 45.48, 12.96, 4.48, 2.44, 10.86, 23.38, 36.43, 5.71, 27.57, 46.38, 16.61, 44.23, 4.76, 44.34, 37.15, 36.55, 30.69, 39.84, 33.89, 41.18, 5.85, 28.65, 0.13, 9.27, 20.18, 20.03, 3.78, 26.5, 5.01, 45.31, 7.22, 24.79, 31.36, 23.09, 6.9, 10, 28.83, 5.04, 23.02, 6.66, 19.95, 29.98, 40.94, 32.28, 27.31]
Y = [32.52, 39.21, 5.22, 42.4, 14.82, 12.63, 8.23, 41.35, 15.91, 46.55, 44.83, 7.7, 8.29, 22.77, 22.36, 42.31, 44.64, 25.38, 37.43, 49.1, 13.18, 10.18, 45.23, 26.49, 17.36, 22.86, 21.81, 41.99, 29.39, 30.8, 1.9, 6.63, 4.62, 46.39, 49.78, 44.3, 7.21, 34.38, 6.01, 13.57, 33.9, 35.57, 16.99, 35.81, 42.33, 48.13, 39.71, 40.76, 36.77, 36.39, 32.63, 49.51, 35.17, 42.28, 44.75, 14.56, 42.28, 34.36, 27.7, 5.65, 36.79, 14.25, 8.54, 20.84, 42.16, 31.85, 37.91, 14.63, 15.25, 14.27, 12.75, 38.65, 28.96, 14.3, 43.19, 26.68, 23.73, 6.48, 45.95, 27.58]
wpnt = [1, 1, 1, 1, 1, 1, 1, 1, 1, 1, 1, 1, 1, 1, 1, 1, 1, 1, 1, 1, 1, 1, 1, 1, 1, 1, 1, 1, 1, 1, 1, 1, 1, 1, 1, 1, 1, 1, 1, 1, 1, 1, 1, 1, 1, 1, 1, 1, 1, 1, 1, 1, 1, 1, 1, 1, 1, 1, 1, 1, 1, 1, 1, 1, 1, 1, 1, 1, 1, 1, 1, 1, 1, 1, 1, 1, 1, 1, 1, 1]

Solution: 
Time in Phase 1: 44.2935
Ell(i): 212
Ell(i): 112
Ell(i): 67
Ell(i): 68
Time in Phase 2: 0.000198
Number of solutions attempted: 166
Maximum Cover has value:24

0-th ellipse solution 
Weight: 11 (xc, yc, theta) -> (7.6192, 11.2119, -0.865238)

1-th ellipse solution 
Weight: 7 (xc, yc, theta) -> (31.2599, 44.617, 1.55598)

2-th ellipse solution 
Weight: 4 (xc, yc, theta) -> (45.0591, 39.6604, 1.21914)

3-th ellipse solution 
Weight: 2 (xc, yc, theta) -> (16.1995, 47.3936, 0)

