Instance: n=90, m=3, k=3
a = [5, 3, 1]
b = [3, 2, 1]
wel = [1.5, 0.6, 0.1]
X = [29.35, 29.23, 40.78, 26.33, 36.47, 13.21, 26.91, 46.58, 10.29, 20.05, 34, 22.17, 35.16, 10.73, 12.91, 0.81, 42.62, 16.07, 26.34, 12.51, 3.66, 44.49, 26.55, 47.95, 17.2, 2.2, 0.25, 14.64, 41.01, 23.37, 9.55, 46.17, 4.22, 35.57, 4.64, 43.37, 23.8, 38.88, 28.93, 37.19, 4.82, 47.32, 13.74, 40.49, 37.34, 8.67, 38.04, 49.06, 17.08, 22.83, 32.7, 30.02, 4.06, 6.85, 5.72, 29.12, 33.42, 15.62, 38.41, 1.91, 19.96, 22.63, 15.41, 0.27, 6.31, 4.21, 39.3, 45.51, 3.13, 26.35, 46.39, 19.4, 31.92, 26.97, 41.12, 46.08, 39.46, 19.09, 40.4, 37.36, 42.46, 35.72, 25.81, 25.12, 33.59, 37.8, 6.95, 9.79, 42.21, 9.2]
Y = [8.44, 23.82, 46.3, 29.11, 11.26, 31.68, 0.83, 17.38, 26.13, 15.36, 32.26, 13.45, 16.64, 37.96, 34.18, 42.26, 30.04, 33.4, 42.4, 12.81, 25.72, 30.57, 41.07, 36.84, 18, 1.19, 24.36, 35.41, 25.37, 3.91, 24.18, 2.17, 12.24, 30.56, 48.08, 8.3, 37.86, 0.35, 36.82, 46.13, 39.38, 5.07, 11.97, 4.75, 13.86, 46.89, 4.83, 42.26, 34.62, 21.72, 16.2, 6.5, 18.9, 32.99, 44.03, 10.54, 26.44, 47.16, 6.1, 25.75, 10.58, 8.01, 21.69, 32.49, 23.1, 39.01, 34.23, 43.36, 2.36, 8.86, 5.48, 29.81, 35.02, 20.33, 28.88, 11.09, 18.71, 4.87, 19.37, 46.71, 41.57, 31.76, 31.23, 28.94, 1.47, 29.99, 7.2, 38.87, 36.77, 33.34]
wpnt = [1, 1, 1, 1, 1, 1, 1, 1, 1, 1, 1, 1, 1, 1, 1, 1, 1, 1, 1, 1, 1, 1, 1, 1, 1, 1, 1, 1, 1, 1, 1, 1, 1, 1, 1, 1, 1, 1, 1, 1, 1, 1, 1, 1, 1, 1, 1, 1, 1, 1, 1, 1, 1, 1, 1, 1, 1, 1, 1, 1, 1, 1, 1, 1, 1, 1, 1, 1, 1, 1, 1, 1, 1, 1, 1, 1, 1, 1, 1, 1, 1, 1, 1, 1, 1, 1, 1, 1, 1, 1]

Solution: 
Time in Phase 1: 41.8178
Ell(i): 160
Ell(i): 83
Ell(i): 76
Time in Phase 2: 1.9e-05
Number of solutions attempted: 67
Maximum Cover has value:14

0-th ellipse solution 
Weight: 7 (xc, yc, theta) -> (39.8222, 30.9894, -0.372178)

1-th ellipse solution 
Weight: 5 (xc, yc, theta) -> (15.3206, 33.5289, 0.374255)

2-th ellipse solution 
Weight: 2 (xc, yc, theta) -> (37.6338, 5.49038, 0)

