Instance: n=80, m=5, k=4
a = [9, 7, 5, 3, 1]
b = [5, 4, 3, 2, 1]
wel = [4.5, 2.8, 1.5, 0.6, 0.1]
X = [22.79, 0.53, 43.36, 33.78, 46.09, 26.4, 37.57, 6.26, 23.06, 14.56, 34.96, 33.41, 9.27, 11.65, 21.33, 23.09, 5.39, 13.81, 14.99, 49.73, 47.18, 14.57, 46.19, 8.65, 23.27, 12.92, 1.79, 4.95, 3.44, 18.78, 46.34, 18.88, 15.5, 0.47, 30.28, 41.57, 26.32, 12.21, 26.98, 41.77, 44.08, 8.48, 1.02, 6.93, 30.02, 29.23, 17.58, 28.09, 30.79, 13.56, 28.75, 38.54, 11.27, 27.59, 21.62, 38.49, 24.04, 11.56, 10.4, 29.52, 44.19, 16.79, 6.85, 44.85, 23.42, 48.72, 13.54, 7.24, 38.01, 13.06, 4.18, 25.32, 48.52, 3.28, 5.38, 49.35, 41.54, 11.34, 11, 36.03]
Y = [25.65, 19.7, 41.36, 0.98, 49.59, 3.49, 20.07, 23.9, 2.43, 43.67, 28.58, 46.72, 7.11, 7.72, 29.74, 44.11, 23.63, 48.74, 47.59, 11.08, 26.13, 34.75, 20.84, 19.25, 23.21, 8.23, 46.33, 11.06, 16.6, 24.77, 41.87, 1.72, 32.69, 30.49, 0.19, 27.46, 6.14, 22.52, 20.87, 0.25, 4.69, 45.87, 13.43, 4.46, 25.71, 26.36, 48.11, 33.08, 28.55, 11.08, 5.13, 5.07, 0.75, 38.25, 19.35, 15.69, 46.97, 25.06, 18.49, 40.42, 8.74, 11.77, 44.87, 37.64, 8.41, 2.17, 37.26, 24.81, 34.83, 9.63, 1.55, 28.22, 36.89, 8.92, 32.8, 49.57, 16.13, 48.39, 6.19, 34.43]
wpnt = [1, 1, 1, 1, 1, 1, 1, 1, 1, 1, 1, 1, 1, 1, 1, 1, 1, 1, 1, 1, 1, 1, 1, 1, 1, 1, 1, 1, 1, 1, 1, 1, 1, 1, 1, 1, 1, 1, 1, 1, 1, 1, 1, 1, 1, 1, 1, 1, 1, 1, 1, 1, 1, 1, 1, 1, 1, 1, 1, 1, 1, 1, 1, 1, 1, 1, 1, 1, 1, 1, 1, 1, 1, 1, 1, 1, 1, 1, 1, 1]

Solution: 
Time in Phase 1: 58.1708
Ell(i): 310
Ell(i): 180
Ell(i): 105
Ell(i): 64
Ell(i): 74
Time in Phase 2: 0.000534
Number of solutions attempted: 297
Maximum Cover has value:33

0-th ellipse solution 
Weight: 11 (xc, yc, theta) -> (24.902, 26.1462, 0.978505)

1-th ellipse solution 
Weight: 9 (xc, yc, theta) -> (7.24697, 20.8907, 0.336381)

2-th ellipse solution 
Weight: 7 (xc, yc, theta) -> (13.7667, 8.25116, 0.554765)

3-th ellipse solution 
Weight: 4 (xc, yc, theta) -> (13.3907, 46.383, -1.00522)

4-th ellipse solution 
Weight: 2 (xc, yc, theta) -> (7.81815, 45.1204, 0.550285)

