Instance: n=90, m=4, k=1
a = [7, 5, 3, 1]
b = [4, 3, 2, 1]
wel = [2.8, 1.5, 0.6, 0.1]
X = [38.11, 9.43, 22.45, 27.52, 6.04, 9.8, 47.18, 4.69, 17.59, 16.52, 20.9, 0.93, 10.21, 7.35, 37.81, 20.07, 19.2, 38.82, 20.3, 37.19, 0.77, 42.38, 35.63, 0.17, 24.77, 27.46, 3.17, 46.54, 20.25, 5.86, 38.56, 33.99, 5.43, 49.42, 39.15, 2.06, 33.6, 37.88, 41.51, 22.44, 4.75, 11.94, 28.3, 21.29, 12.38, 6.62, 3.09, 8.71, 13.42, 34.24, 44.74, 42.49, 30.75, 47.56, 18.42, 38.53, 19.91, 31.08, 8.96, 46.76, 29.54, 22.29, 43.99, 41.14, 39.13, 9.98, 11.7, 12.2, 32.84, 14.7, 29.77, 24.44, 3.7, 47.9, 7.9, 34.01, 48.05, 20.06, 37.3, 49.46, 36.6, 10.3, 11.91, 40.74, 32.27, 46.02, 8.67, 11.74, 25.98, 25.04]
Y = [34.54, 12.9, 40.8, 45.54, 34.43, 16.04, 38.63, 2.22, 27.7, 24.25, 36.47, 0.88, 41.86, 42.48, 34.67, 25.92, 29.5, 41.65, 16.34, 26.34, 46.99, 47.95, 47.07, 3.22, 16.69, 45.67, 28.39, 13.38, 3.9, 8.07, 25.93, 7.76, 22.81, 25.73, 36.61, 39.92, 44.44, 19.23, 38.05, 16.28, 49.91, 7.92, 8.49, 48.55, 27.16, 0.95, 40.61, 8.52, 8.13, 2.57, 36.31, 28.34, 30.37, 22.25, 20.01, 23.17, 0.47, 48.21, 2.38, 21.35, 3.38, 32.63, 31, 7.41, 25.39, 33.87, 2.47, 42.45, 9.77, 1.27, 3.23, 49.69, 5.52, 12.66, 44.67, 37.44, 6.3, 42.04, 11.21, 26.44, 9.44, 48.29, 22.51, 44.76, 5.44, 12.05, 20.46, 12.37, 9.64, 33.88]
wpnt = [1, 1, 1, 1, 1, 1, 1, 1, 1, 1, 1, 1, 1, 1, 1, 1, 1, 1, 1, 1, 1, 1, 1, 1, 1, 1, 1, 1, 1, 1, 1, 1, 1, 1, 1, 1, 1, 1, 1, 1, 1, 1, 1, 1, 1, 1, 1, 1, 1, 1, 1, 1, 1, 1, 1, 1, 1, 1, 1, 1, 1, 1, 1, 1, 1, 1, 1, 1, 1, 1, 1, 1, 1, 1, 1, 1, 1, 1, 1, 1, 1, 1, 1, 1, 1, 1, 1, 1, 1, 1]

Solution: 
Time in Phase 1: 62.8096
Ell(i): 201
Ell(i): 133
Ell(i): 76
Ell(i): 79
Time in Phase 2: 2.3e-05
Number of solutions attempted: 61
Maximum Cover has value:24

0-th ellipse solution 
Weight: 10 (xc, yc, theta) -> (6.8583, 4.18741, 0.332817)

1-th ellipse solution 
Weight: 7 (xc, yc, theta) -> (31.4833, 6.22345, -1.26058)

2-th ellipse solution 
Weight: 4 (xc, yc, theta) -> (36.5998, 36.9413, -0.696457)

3-th ellipse solution 
Weight: 3 (xc, yc, theta) -> (46.9211, 12.4555, -0.486899)

