Instance: n=90, m=5, k=3
a = [9, 7, 5, 3, 1]
b = [5, 4, 3, 2, 1]
wel = [4.5, 2.8, 1.5, 0.6, 0.1]
X = [14.6, 36.6, 22.01, 2.95, 28.66, 19.65, 17.56, 11.06, 31.86, 25, 47.14, 36.8, 40.48, 37.06, 4.34, 35.9, 7.84, 47.09, 16.34, 39.87, 16.05, 27.85, 4.49, 49.68, 3.25, 23.58, 49.02, 39.06, 8.53, 40.97, 49.21, 31.81, 49.38, 36.9, 28.94, 10.72, 36.28, 28.59, 27.48, 27.12, 2.94, 31.11, 11.08, 41.45, 46.29, 32.48, 9.3, 2.56, 43.19, 24.4, 16.23, 17.12, 23.69, 43.28, 23.97, 31.89, 21.09, 28.86, 33.17, 1.78, 2.73, 24.97, 48.55, 20.71, 17, 13.88, 30.23, 35.74, 26.7, 5.09, 49.42, 27.57, 49.98, 2.68, 26.74, 12.62, 38.72, 41.51, 15.13, 29.02, 7.33, 15.35, 23.9, 41.49, 30.11, 1.27, 33.56, 0.04, 35.27, 16.69]
Y = [34.75, 28.14, 43.84, 10.02, 16.01, 32.84, 44.97, 16.08, 14.34, 37.23, 24.34, 38.68, 48.15, 1.48, 23.09, 18.94, 22.5, 29.85, 0.04, 45, 9.52, 33.6, 38.91, 36.35, 24.68, 0.39, 10.38, 39.49, 26.12, 12.87, 26.88, 7.05, 28.9, 15.72, 26.77, 44.98, 38.57, 40.77, 28.26, 30.72, 0.69, 1.96, 20.17, 19.61, 32.42, 45.51, 14.29, 8.68, 39.46, 22.13, 35.12, 2.51, 45.7, 1.17, 20.4, 26.9, 13, 32.17, 20.31, 29.47, 34.26, 12.03, 27.53, 41.75, 45.11, 33.23, 31, 3.92, 29.02, 0.67, 36.98, 20.51, 6.43, 33.15, 4.46, 29.48, 37.6, 37.27, 12.22, 32.13, 42.9, 37.56, 1.09, 0.6, 46.58, 29.53, 28.84, 33.54, 2.72, 12.01]
wpnt = [1, 1, 1, 1, 1, 1, 1, 1, 1, 1, 1, 1, 1, 1, 1, 1, 1, 1, 1, 1, 1, 1, 1, 1, 1, 1, 1, 1, 1, 1, 1, 1, 1, 1, 1, 1, 1, 1, 1, 1, 1, 1, 1, 1, 1, 1, 1, 1, 1, 1, 1, 1, 1, 1, 1, 1, 1, 1, 1, 1, 1, 1, 1, 1, 1, 1, 1, 1, 1, 1, 1, 1, 1, 1, 1, 1, 1, 1, 1, 1, 1, 1, 1, 1, 1, 1, 1, 1, 1, 1]

Solution: 
Time in Phase 1: 83.9261
Ell(i): 425
Ell(i): 246
Ell(i): 115
Ell(i): 64
Ell(i): 72
Time in Phase 2: 0.030226
Number of solutions attempted: 5043
Maximum Cover has value:36

0-th ellipse solution 
Weight: 15 (xc, yc, theta) -> (34.4473, 33.0523, 0.580056)

1-th ellipse solution 
Weight: 9 (xc, yc, theta) -> (4.23166, 28.3892, -0.905989)

2-th ellipse solution 
Weight: 6 (xc, yc, theta) -> (46.3301, 29.2734, -1.41905)

3-th ellipse solution 
Weight: 4 (xc, yc, theta) -> (16.7019, 33.0571, -0.228959)

4-th ellipse solution 
Weight: 2 (xc, yc, theta) -> (35.5652, 3.27016, 0)

