3
3
   5.00    3.00
   3.00    2.00
   1.00    1.00
   1.50
   0.60
   0.10
20
   0.82   12.14
   6.86   40.21
   7.83   20.05
   6.49    5.44
  49.95   10.91
  25.65   41.96
  30.63   14.80
  31.88   26.21
  24.68   48.64
  14.63   38.57
  26.34   38.50
  20.01   44.58
  14.17   17.62
  40.39   45.95
   3.49   47.47
  26.30    4.30
   9.61   33.16
  44.51   17.44
   3.21    1.00
  22.89    3.15
   1.00
   1.00
   1.00
   1.00
   1.00
   1.00
   1.00
   1.00
   1.00
   1.00
   1.00
   1.00
   1.00
   1.00
   1.00
   1.00
   1.00
   1.00
   1.00
   1.00
