5
3
   9.00    5.00
   7.00    4.00
   5.00    3.00
   3.00    2.00
   1.00    1.00
   4.50
   2.80
   1.50
   0.60
   0.10
20
  43.42   35.94
  42.86    1.65
  35.32   42.64
  22.85   42.77
  24.12    1.05
  28.10   34.60
  37.92   21.24
   3.15   10.75
   8.46   36.64
  47.48   16.06
  48.47   34.98
  49.55   24.33
  13.24   15.88
   5.08   41.60
  10.54   25.17
  44.79    3.96
  11.11   37.65
   5.62   46.43
  30.29   28.47
  39.20    4.41
   1.00
   1.00
   1.00
   1.00
   1.00
   1.00
   1.00
   1.00
   1.00
   1.00
   1.00
   1.00
   1.00
   1.00
   1.00
   1.00
   1.00
   1.00
   1.00
   1.00
