5
4
   9.00    5.00
   7.00    4.00
   5.00    3.00
   3.00    2.00
   1.00    1.00
   4.50
   2.80
   1.50
   0.60
   0.10
30
  29.53   17.30
  39.01   17.44
  38.53   42.16
  28.20   46.99
  28.80   25.67
  13.05   27.27
  10.65   12.60
   1.60   23.89
  28.48    6.68
  15.50   39.02
  31.85   10.29
  42.98   42.96
  47.94   48.60
  39.39   28.23
  27.07   28.59
  32.64    6.60
  45.89   21.66
  24.04   34.42
  13.82    2.24
  31.41   42.62
  27.91   44.46
  19.89   38.57
   7.06   21.49
  12.46   35.54
  28.16   27.96
  24.56   10.01
  38.25   17.55
   2.96   36.19
  16.15   42.35
  14.42   43.22
   1.00
   1.00
   1.00
   1.00
   1.00
   1.00
   1.00
   1.00
   1.00
   1.00
   1.00
   1.00
   1.00
   1.00
   1.00
   1.00
   1.00
   1.00
   1.00
   1.00
   1.00
   1.00
   1.00
   1.00
   1.00
   1.00
   1.00
   1.00
   1.00
   1.00
