4
4
   7.00    4.00
   5.00    3.00
   3.00    2.00
   1.00    1.00
   2.80
   1.50
   0.60
   0.10
30
  39.41    8.83
  16.26   16.70
  31.90    9.10
  12.18    1.23
   6.91   20.88
  10.61   19.26
  38.89    6.48
   0.66    7.25
  37.26   26.53
  26.19   12.35
  11.23   27.09
  44.85   42.21
  11.77   20.86
  36.97   23.84
   4.62   23.17
  47.06   44.04
  32.00   13.32
  10.74   13.90
  22.42   22.91
  15.13   29.33
  43.80   25.74
  48.59   32.69
  32.23   49.25
  39.94   19.48
  25.78   16.12
  31.83   37.01
  43.21   26.69
  29.21    4.98
  47.54   16.19
  28.82    2.17
   1.00
   1.00
   1.00
   1.00
   1.00
   1.00
   1.00
   1.00
   1.00
   1.00
   1.00
   1.00
   1.00
   1.00
   1.00
   1.00
   1.00
   1.00
   1.00
   1.00
   1.00
   1.00
   1.00
   1.00
   1.00
   1.00
   1.00
   1.00
   1.00
   1.00
