3
3
   5.00    3.00
   3.00    2.00
   1.00    1.00
   1.50
   0.60
   0.10
40
   5.16    6.30
  24.77   38.02
  49.24   46.75
  34.22   19.16
  37.49   18.43
  14.71   11.61
  29.22   12.22
   7.62   36.61
   6.27   39.67
   8.21   37.25
   3.73   47.51
   2.63   26.08
   8.81   12.00
  39.89   36.63
  32.83   48.37
  31.97   37.99
   4.67    6.75
  26.01    3.91
   3.50   10.23
  23.07   40.98
  28.67   37.78
   2.60    7.89
  50.00   10.22
  44.50    6.27
  49.89    2.70
  43.53    3.62
   0.21   46.15
  29.69    9.02
   8.16   19.58
  45.65   40.98
  17.95   27.62
  28.97   22.63
  34.37    4.98
  26.54   37.86
  15.21   49.61
  28.85   43.88
  37.39   31.45
   1.77   37.39
  41.66   46.27
  43.66   41.55
   1.00
   1.00
   1.00
   1.00
   1.00
   1.00
   1.00
   1.00
   1.00
   1.00
   1.00
   1.00
   1.00
   1.00
   1.00
   1.00
   1.00
   1.00
   1.00
   1.00
   1.00
   1.00
   1.00
   1.00
   1.00
   1.00
   1.00
   1.00
   1.00
   1.00
   1.00
   1.00
   1.00
   1.00
   1.00
   1.00
   1.00
   1.00
   1.00
   1.00
