5
1
   9.00    5.00
   7.00    4.00
   5.00    3.00
   3.00    2.00
   1.00    1.00
   4.50
   2.80
   1.50
   0.60
   0.10
60
  26.91   37.16
  31.84    4.63
  21.66   24.11
  27.66   16.46
  11.32   15.58
  42.97   14.57
  49.80    5.66
  49.76   45.18
  37.51    2.61
  48.91   40.33
  46.20   23.39
  41.77   13.69
  48.99   46.89
   3.91   20.95
  44.58    8.36
   8.18   21.49
  45.51   40.02
  26.11   17.17
  14.13    3.77
  33.64   25.44
  19.35   26.61
  40.01   19.15
  32.27   39.78
  14.33   19.78
  42.39   13.24
  10.12   38.59
  36.63    1.88
   2.27   35.62
  48.77    6.18
   6.56   43.35
  14.54   14.75
  14.84   10.05
   4.77   40.95
  27.23   18.89
  44.72   10.87
  44.34   14.07
  37.47   34.35
  33.22   19.74
  24.13   47.54
  39.52   16.51
  10.78   49.64
   5.10   47.41
   1.52    7.37
  33.03    0.30
  13.56   39.59
  43.65   28.10
   4.33    8.48
  38.15    9.10
  49.43   15.38
  28.00   44.15
  26.24   22.33
   8.22   13.72
   6.68   41.44
  33.46   30.81
  38.98   22.98
  47.32   49.76
  22.62    2.42
  47.17   24.14
   9.79   30.20
  24.44   23.34
   1.00
   1.00
   1.00
   1.00
   1.00
   1.00
   1.00
   1.00
   1.00
   1.00
   1.00
   1.00
   1.00
   1.00
   1.00
   1.00
   1.00
   1.00
   1.00
   1.00
   1.00
   1.00
   1.00
   1.00
   1.00
   1.00
   1.00
   1.00
   1.00
   1.00
   1.00
   1.00
   1.00
   1.00
   1.00
   1.00
   1.00
   1.00
   1.00
   1.00
   1.00
   1.00
   1.00
   1.00
   1.00
   1.00
   1.00
   1.00
   1.00
   1.00
   1.00
   1.00
   1.00
   1.00
   1.00
   1.00
   1.00
   1.00
   1.00
   1.00
