4
1
   7.00    4.00
   5.00    3.00
   3.00    2.00
   1.00    1.00
   2.80
   1.50
   0.60
   0.10
60
   1.83   26.98
  16.47   21.48
   1.04   20.69
  28.16   47.44
  43.65   12.75
  35.88   20.00
  32.51   35.35
  46.66    4.47
  21.24   25.65
  24.89   21.95
  13.09   47.15
   4.33   14.61
  37.46   23.70
  43.03   40.23
  25.42   31.76
  29.85   27.24
   8.74   46.31
  48.72    9.78
  17.00   26.88
   7.21   10.66
  39.63   43.09
  30.65   22.14
  28.44   27.31
  26.61   49.68
   2.96    1.50
  21.62   16.05
  48.66   25.95
  30.66   36.12
  49.66   23.69
  26.35   25.07
   5.45    6.20
   2.32   14.20
   2.51    1.04
  23.97   19.51
  27.93   31.19
  30.17   17.55
  24.27   10.82
  39.69    2.71
  38.13   16.30
   2.39   41.09
  17.81   24.01
   7.14   16.47
  49.96   37.81
   2.58   49.62
  11.50   28.94
  24.69   16.95
  35.13   27.01
  31.15   37.65
  28.05    5.12
   7.16    5.98
  36.31   37.33
  23.53   10.58
  48.15   13.23
  13.29   36.29
  29.53   15.68
  27.38   47.34
  39.69   34.53
  13.81   39.65
  22.33   16.39
  39.27   33.83
   1.00
   1.00
   1.00
   1.00
   1.00
   1.00
   1.00
   1.00
   1.00
   1.00
   1.00
   1.00
   1.00
   1.00
   1.00
   1.00
   1.00
   1.00
   1.00
   1.00
   1.00
   1.00
   1.00
   1.00
   1.00
   1.00
   1.00
   1.00
   1.00
   1.00
   1.00
   1.00
   1.00
   1.00
   1.00
   1.00
   1.00
   1.00
   1.00
   1.00
   1.00
   1.00
   1.00
   1.00
   1.00
   1.00
   1.00
   1.00
   1.00
   1.00
   1.00
   1.00
   1.00
   1.00
   1.00
   1.00
   1.00
   1.00
   1.00
   1.00
