4
1
   7.00    4.00
   5.00    3.00
   3.00    2.00
   1.00    1.00
   2.80
   1.50
   0.60
   0.10
80
  41.61   32.52
   7.50   39.21
  20.50    5.22
   5.91   42.40
  49.25   14.82
  45.41   12.63
   7.93    8.23
  33.50   41.35
   5.07   15.91
  15.83   46.55
  11.72   44.83
  48.77    7.70
  29.80    8.29
  48.84   22.77
   0.70   22.36
  37.13   42.31
   4.88   44.64
  31.52   25.38
  49.85   37.43
  17.78   49.10
   2.25   13.18
  11.73   10.18
  21.42   45.23
   1.53   26.49
  11.14   17.36
  23.04   22.86
  12.20   21.81
  30.55   41.99
  30.10   29.39
  14.77   30.80
   1.75    1.90
  23.10    6.63
  46.53    4.62
  32.01   46.39
  42.05   49.78
  45.48   44.30
  12.96    7.21
   4.48   34.38
   2.44    6.01
  10.86   13.57
  23.38   33.90
  36.43   35.57
   5.71   16.99
  27.57   35.81
  46.38   42.33
  16.61   48.13
  44.23   39.71
   4.76   40.76
  44.34   36.77
  37.15   36.39
  36.55   32.63
  30.69   49.51
  39.84   35.17
  33.89   42.28
  41.18   44.75
   5.85   14.56
  28.65   42.28
   0.13   34.36
   9.27   27.70
  20.18    5.65
  20.03   36.79
   3.78   14.25
  26.50    8.54
   5.01   20.84
  45.31   42.16
   7.22   31.85
  24.79   37.91
  31.36   14.63
  23.09   15.25
   6.90   14.27
  10.00   12.75
  28.83   38.65
   5.04   28.96
  23.02   14.30
   6.66   43.19
  19.95   26.68
  29.98   23.73
  40.94    6.48
  32.28   45.95
  27.31   27.58
   1.00
   1.00
   1.00
   1.00
   1.00
   1.00
   1.00
   1.00
   1.00
   1.00
   1.00
   1.00
   1.00
   1.00
   1.00
   1.00
   1.00
   1.00
   1.00
   1.00
   1.00
   1.00
   1.00
   1.00
   1.00
   1.00
   1.00
   1.00
   1.00
   1.00
   1.00
   1.00
   1.00
   1.00
   1.00
   1.00
   1.00
   1.00
   1.00
   1.00
   1.00
   1.00
   1.00
   1.00
   1.00
   1.00
   1.00
   1.00
   1.00
   1.00
   1.00
   1.00
   1.00
   1.00
   1.00
   1.00
   1.00
   1.00
   1.00
   1.00
   1.00
   1.00
   1.00
   1.00
   1.00
   1.00
   1.00
   1.00
   1.00
   1.00
   1.00
   1.00
   1.00
   1.00
   1.00
   1.00
   1.00
   1.00
   1.00
   1.00
