3
1
   5.00    3.00
   3.00    2.00
   1.00    1.00
   1.50
   0.60
   0.10
80
  12.35   20.34
   0.87   35.88
  28.69   40.65
  29.13   22.34
  23.87   49.76
   2.94    3.71
  32.04   29.86
  11.13   10.99
  31.51   46.18
  36.90   23.14
  21.93   42.53
  47.63   47.45
  44.95   38.35
  16.68   26.84
  10.96   23.88
  47.49   23.31
  44.22   48.36
   9.19   22.90
  39.01   38.32
  45.24   12.88
  38.08   48.18
  16.59   20.12
  28.04   27.72
  31.11    9.55
  23.90   18.01
  32.69   45.83
  10.53   30.33
  43.27    5.49
  18.68    9.95
  32.33   29.63
  33.83   29.82
   2.94   28.04
  28.18   12.13
   0.95   17.19
   0.45   46.18
  30.07   38.53
  44.36   46.66
   8.65   22.40
  24.39   39.76
  31.95   48.28
   7.77   14.64
  44.11   18.30
  44.97   37.38
  23.79   13.65
  47.33    6.12
  43.28   31.16
  35.93   46.23
   9.20   14.11
   8.36   10.15
  31.31    8.81
   6.33   11.38
  47.35    0.69
   8.04    6.00
  23.09   32.43
  45.76    5.04
  30.71    3.53
  19.69   24.82
  21.83   14.66
  12.20   45.62
  28.31    9.54
   1.74   21.59
  40.70   37.67
  17.82   49.90
   1.78   26.18
  10.05   33.09
  34.99   16.38
  44.47   32.34
  17.07    2.51
  38.34   40.17
  34.94   34.10
  45.21   15.65
  37.62   14.90
  40.47    9.45
  29.56    2.67
   5.07    7.86
  12.21    6.81
  29.46    2.90
  44.48   47.28
   2.80   46.26
  23.45   12.85
   1.00
   1.00
   1.00
   1.00
   1.00
   1.00
   1.00
   1.00
   1.00
   1.00
   1.00
   1.00
   1.00
   1.00
   1.00
   1.00
   1.00
   1.00
   1.00
   1.00
   1.00
   1.00
   1.00
   1.00
   1.00
   1.00
   1.00
   1.00
   1.00
   1.00
   1.00
   1.00
   1.00
   1.00
   1.00
   1.00
   1.00
   1.00
   1.00
   1.00
   1.00
   1.00
   1.00
   1.00
   1.00
   1.00
   1.00
   1.00
   1.00
   1.00
   1.00
   1.00
   1.00
   1.00
   1.00
   1.00
   1.00
   1.00
   1.00
   1.00
   1.00
   1.00
   1.00
   1.00
   1.00
   1.00
   1.00
   1.00
   1.00
   1.00
   1.00
   1.00
   1.00
   1.00
   1.00
   1.00
   1.00
   1.00
   1.00
   1.00
