5
4
   9.00    5.00
   7.00    4.00
   5.00    3.00
   3.00    2.00
   1.00    1.00
   4.50
   2.80
   1.50
   0.60
   0.10
80
  22.79   25.65
   0.53   19.70
  43.36   41.36
  33.78    0.98
  46.09   49.59
  26.40    3.49
  37.57   20.07
   6.26   23.90
  23.06    2.43
  14.56   43.67
  34.96   28.58
  33.41   46.72
   9.27    7.11
  11.65    7.72
  21.33   29.74
  23.09   44.11
   5.39   23.63
  13.81   48.74
  14.99   47.59
  49.73   11.08
  47.18   26.13
  14.57   34.75
  46.19   20.84
   8.65   19.25
  23.27   23.21
  12.92    8.23
   1.79   46.33
   4.95   11.06
   3.44   16.60
  18.78   24.77
  46.34   41.87
  18.88    1.72
  15.50   32.69
   0.47   30.49
  30.28    0.19
  41.57   27.46
  26.32    6.14
  12.21   22.52
  26.98   20.87
  41.77    0.25
  44.08    4.69
   8.48   45.87
   1.02   13.43
   6.93    4.46
  30.02   25.71
  29.23   26.36
  17.58   48.11
  28.09   33.08
  30.79   28.55
  13.56   11.08
  28.75    5.13
  38.54    5.07
  11.27    0.75
  27.59   38.25
  21.62   19.35
  38.49   15.69
  24.04   46.97
  11.56   25.06
  10.40   18.49
  29.52   40.42
  44.19    8.74
  16.79   11.77
   6.85   44.87
  44.85   37.64
  23.42    8.41
  48.72    2.17
  13.54   37.26
   7.24   24.81
  38.01   34.83
  13.06    9.63
   4.18    1.55
  25.32   28.22
  48.52   36.89
   3.28    8.92
   5.38   32.80
  49.35   49.57
  41.54   16.13
  11.34   48.39
  11.00    6.19
  36.03   34.43
   1.00
   1.00
   1.00
   1.00
   1.00
   1.00
   1.00
   1.00
   1.00
   1.00
   1.00
   1.00
   1.00
   1.00
   1.00
   1.00
   1.00
   1.00
   1.00
   1.00
   1.00
   1.00
   1.00
   1.00
   1.00
   1.00
   1.00
   1.00
   1.00
   1.00
   1.00
   1.00
   1.00
   1.00
   1.00
   1.00
   1.00
   1.00
   1.00
   1.00
   1.00
   1.00
   1.00
   1.00
   1.00
   1.00
   1.00
   1.00
   1.00
   1.00
   1.00
   1.00
   1.00
   1.00
   1.00
   1.00
   1.00
   1.00
   1.00
   1.00
   1.00
   1.00
   1.00
   1.00
   1.00
   1.00
   1.00
   1.00
   1.00
   1.00
   1.00
   1.00
   1.00
   1.00
   1.00
   1.00
   1.00
   1.00
   1.00
   1.00
