3
3
   5.00    3.00
   3.00    2.00
   1.00    1.00
   1.50
   0.60
   0.10
90
  29.35    8.44
  29.23   23.82
  40.78   46.30
  26.33   29.11
  36.47   11.26
  13.21   31.68
  26.91    0.83
  46.58   17.38
  10.29   26.13
  20.05   15.36
  34.00   32.26
  22.17   13.45
  35.16   16.64
  10.73   37.96
  12.91   34.18
   0.81   42.26
  42.62   30.04
  16.07   33.40
  26.34   42.40
  12.51   12.81
   3.66   25.72
  44.49   30.57
  26.55   41.07
  47.95   36.84
  17.20   18.00
   2.20    1.19
   0.25   24.36
  14.64   35.41
  41.01   25.37
  23.37    3.91
   9.55   24.18
  46.17    2.17
   4.22   12.24
  35.57   30.56
   4.64   48.08
  43.37    8.30
  23.80   37.86
  38.88    0.35
  28.93   36.82
  37.19   46.13
   4.82   39.38
  47.32    5.07
  13.74   11.97
  40.49    4.75
  37.34   13.86
   8.67   46.89
  38.04    4.83
  49.06   42.26
  17.08   34.62
  22.83   21.72
  32.70   16.20
  30.02    6.50
   4.06   18.90
   6.85   32.99
   5.72   44.03
  29.12   10.54
  33.42   26.44
  15.62   47.16
  38.41    6.10
   1.91   25.75
  19.96   10.58
  22.63    8.01
  15.41   21.69
   0.27   32.49
   6.31   23.10
   4.21   39.01
  39.30   34.23
  45.51   43.36
   3.13    2.36
  26.35    8.86
  46.39    5.48
  19.40   29.81
  31.92   35.02
  26.97   20.33
  41.12   28.88
  46.08   11.09
  39.46   18.71
  19.09    4.87
  40.40   19.37
  37.36   46.71
  42.46   41.57
  35.72   31.76
  25.81   31.23
  25.12   28.94
  33.59    1.47
  37.80   29.99
   6.95    7.20
   9.79   38.87
  42.21   36.77
   9.20   33.34
   1.00
   1.00
   1.00
   1.00
   1.00
   1.00
   1.00
   1.00
   1.00
   1.00
   1.00
   1.00
   1.00
   1.00
   1.00
   1.00
   1.00
   1.00
   1.00
   1.00
   1.00
   1.00
   1.00
   1.00
   1.00
   1.00
   1.00
   1.00
   1.00
   1.00
   1.00
   1.00
   1.00
   1.00
   1.00
   1.00
   1.00
   1.00
   1.00
   1.00
   1.00
   1.00
   1.00
   1.00
   1.00
   1.00
   1.00
   1.00
   1.00
   1.00
   1.00
   1.00
   1.00
   1.00
   1.00
   1.00
   1.00
   1.00
   1.00
   1.00
   1.00
   1.00
   1.00
   1.00
   1.00
   1.00
   1.00
   1.00
   1.00
   1.00
   1.00
   1.00
   1.00
   1.00
   1.00
   1.00
   1.00
   1.00
   1.00
   1.00
   1.00
   1.00
   1.00
   1.00
   1.00
   1.00
   1.00
   1.00
   1.00
   1.00
