4
4
   7.00    4.00
   5.00    3.00
   3.00    2.00
   1.00    1.00
   2.80
   1.50
   0.60
   0.10
90
  38.11   34.54
   9.43   12.90
  22.45   40.80
  27.52   45.54
   6.04   34.43
   9.80   16.04
  47.18   38.63
   4.69    2.22
  17.59   27.70
  16.52   24.25
  20.90   36.47
   0.93    0.88
  10.21   41.86
   7.35   42.48
  37.81   34.67
  20.07   25.92
  19.20   29.50
  38.82   41.65
  20.30   16.34
  37.19   26.34
   0.77   46.99
  42.38   47.95
  35.63   47.07
   0.17    3.22
  24.77   16.69
  27.46   45.67
   3.17   28.39
  46.54   13.38
  20.25    3.90
   5.86    8.07
  38.56   25.93
  33.99    7.76
   5.43   22.81
  49.42   25.73
  39.15   36.61
   2.06   39.92
  33.60   44.44
  37.88   19.23
  41.51   38.05
  22.44   16.28
   4.75   49.91
  11.94    7.92
  28.30    8.49
  21.29   48.55
  12.38   27.16
   6.62    0.95
   3.09   40.61
   8.71    8.52
  13.42    8.13
  34.24    2.57
  44.74   36.31
  42.49   28.34
  30.75   30.37
  47.56   22.25
  18.42   20.01
  38.53   23.17
  19.91    0.47
  31.08   48.21
   8.96    2.38
  46.76   21.35
  29.54    3.38
  22.29   32.63
  43.99   31.00
  41.14    7.41
  39.13   25.39
   9.98   33.87
  11.70    2.47
  12.20   42.45
  32.84    9.77
  14.70    1.27
  29.77    3.23
  24.44   49.69
   3.70    5.52
  47.90   12.66
   7.90   44.67
  34.01   37.44
  48.05    6.30
  20.06   42.04
  37.30   11.21
  49.46   26.44
  36.60    9.44
  10.30   48.29
  11.91   22.51
  40.74   44.76
  32.27    5.44
  46.02   12.05
   8.67   20.46
  11.74   12.37
  25.98    9.64
  25.04   33.88
   1.00
   1.00
   1.00
   1.00
   1.00
   1.00
   1.00
   1.00
   1.00
   1.00
   1.00
   1.00
   1.00
   1.00
   1.00
   1.00
   1.00
   1.00
   1.00
   1.00
   1.00
   1.00
   1.00
   1.00
   1.00
   1.00
   1.00
   1.00
   1.00
   1.00
   1.00
   1.00
   1.00
   1.00
   1.00
   1.00
   1.00
   1.00
   1.00
   1.00
   1.00
   1.00
   1.00
   1.00
   1.00
   1.00
   1.00
   1.00
   1.00
   1.00
   1.00
   1.00
   1.00
   1.00
   1.00
   1.00
   1.00
   1.00
   1.00
   1.00
   1.00
   1.00
   1.00
   1.00
   1.00
   1.00
   1.00
   1.00
   1.00
   1.00
   1.00
   1.00
   1.00
   1.00
   1.00
   1.00
   1.00
   1.00
   1.00
   1.00
   1.00
   1.00
   1.00
   1.00
   1.00
   1.00
   1.00
   1.00
   1.00
   1.00
