5
2
   9.00    5.00
   7.00    4.00
   5.00    3.00
   3.00    2.00
   1.00    1.00
   4.50
   2.80
   1.50
   0.60
   0.10
100
   7.18   29.31
  41.49   45.90
  16.91   33.00
  33.17   32.04
  45.22   12.19
  14.17    2.55
   5.09   29.52
  40.11   28.98
  30.61   31.60
  29.58   10.72
  28.18   30.85
  40.25   11.73
   9.68   40.29
  45.27   44.95
  43.01   11.97
   6.96    0.19
  41.28   48.45
  46.09    8.19
  31.44   29.26
  40.23   26.66
  41.45    4.40
  29.21   46.54
  33.91   19.32
  25.52   14.52
   0.92    5.10
  25.24   29.10
  35.95   15.49
  40.83   45.63
   5.78   36.10
  40.59   48.79
  48.07   47.55
  48.98   39.35
  45.99   45.08
  47.54   27.44
  24.34   37.77
   4.09   15.79
  42.17   33.30
  12.32   26.08
   2.62   37.84
  40.60    3.54
  42.94   15.84
  32.64   28.89
  31.33   23.47
  24.53   37.11
   9.58   15.11
  35.90    7.65
  12.66   34.88
  47.00    8.65
  29.96   44.54
  36.09    4.29
  32.31   40.18
  20.08   24.47
  23.48   32.40
   0.55   26.10
  20.24   41.15
  29.64   13.19
   6.99   12.28
  42.08   38.32
  35.75   16.61
  25.43   45.33
  31.73   11.32
   2.97   44.39
  46.20   49.97
   3.04   26.16
  44.51   39.13
  30.45   26.81
  29.32    0.53
   1.28    2.80
  32.93    1.83
  28.90    3.18
  42.98    8.55
  16.36   49.98
  20.83    8.45
  38.29    6.58
  25.06   13.72
   1.91    6.79
  25.04    4.89
   1.17   21.25
   4.86    4.21
  47.41   49.36
  43.35   27.86
  26.18   22.66
  28.40   27.46
  25.46   11.33
  29.29    4.36
  14.51   22.28
  12.91   30.87
  22.25   33.74
  39.32   10.55
  40.32   14.38
  24.27   42.23
  21.16   49.31
  47.12   22.33
  20.56    1.98
  26.55   17.97
   1.34   19.89
  45.84   27.51
  42.55   24.23
   4.97   18.02
  35.56   34.27
   1.00
   1.00
   1.00
   1.00
   1.00
   1.00
   1.00
   1.00
   1.00
   1.00
   1.00
   1.00
   1.00
   1.00
   1.00
   1.00
   1.00
   1.00
   1.00
   1.00
   1.00
   1.00
   1.00
   1.00
   1.00
   1.00
   1.00
   1.00
   1.00
   1.00
   1.00
   1.00
   1.00
   1.00
   1.00
   1.00
   1.00
   1.00
   1.00
   1.00
   1.00
   1.00
   1.00
   1.00
   1.00
   1.00
   1.00
   1.00
   1.00
   1.00
   1.00
   1.00
   1.00
   1.00
   1.00
   1.00
   1.00
   1.00
   1.00
   1.00
   1.00
   1.00
   1.00
   1.00
   1.00
   1.00
   1.00
   1.00
   1.00
   1.00
   1.00
   1.00
   1.00
   1.00
   1.00
   1.00
   1.00
   1.00
   1.00
   1.00
   1.00
   1.00
   1.00
   1.00
   1.00
   1.00
   1.00
   1.00
   1.00
   1.00
   1.00
   1.00
   1.00
   1.00
   1.00
   1.00
   1.00
   1.00
   1.00
   1.00
