3
2
   5.00    3.00
   3.00    2.00
   1.00    1.00
   1.50
   0.60
   0.10
100
  15.65    5.28
  44.42    5.11
  23.99   13.52
   9.99   14.39
  32.88   47.35
  11.10   25.35
  38.92   46.82
   7.11   14.73
  28.05   32.23
  43.67   11.64
  33.70   31.47
  41.63   40.65
  38.67    1.42
  29.52   30.88
  38.19   38.72
  14.21    3.84
  44.00    8.64
   8.95   17.99
  22.15   18.94
  32.38    5.03
  16.29   43.47
  30.38    5.21
  40.29   37.49
  19.94   18.34
  19.71   13.61
  29.98    3.41
  45.08   21.61
  44.06   33.74
  23.03   23.58
  14.62   11.22
  12.30   28.84
  15.06    6.30
  37.47   24.01
  24.29    9.62
  42.94    6.67
  14.66    9.23
   0.14   45.04
  14.44   40.43
  32.52   34.38
   8.77    2.24
  47.99   38.75
   5.65   43.06
  10.36   49.71
  26.81   33.40
  23.29   41.43
  44.62   35.60
  20.26    9.67
  41.90    7.74
  33.68   16.19
  17.36   26.63
  22.86   32.02
  35.85   23.00
  27.06    0.29
  13.43    9.58
  34.67   22.20
  11.82   32.65
  10.96   17.47
  25.72   21.32
  17.18    2.52
   4.72   40.47
  43.95   49.33
  26.06   14.21
   9.01   17.96
  21.95   42.69
  34.15   39.31
  19.31    7.02
  21.33    5.17
  30.02   48.38
   5.46   43.45
   7.97   40.13
  15.66   19.78
  22.78   26.62
  37.25   48.50
  47.94    4.43
   1.03    2.65
  44.89   44.98
   1.99   20.96
   9.19   10.99
  38.92   31.14
   3.68   23.07
  20.45   23.00
  30.09   41.78
  28.17   10.11
  40.16   33.63
   3.57   48.13
  23.76   19.23
  17.91   46.54
  45.84    5.16
  45.04   43.78
   9.59   46.07
  46.43    4.48
  41.05   48.42
  25.44    0.24
   9.41   14.36
  31.38   13.09
  37.43    1.82
  36.09   17.53
  43.60   14.26
  27.64   33.76
  47.89   31.20
   1.00
   1.00
   1.00
   1.00
   1.00
   1.00
   1.00
   1.00
   1.00
   1.00
   1.00
   1.00
   1.00
   1.00
   1.00
   1.00
   1.00
   1.00
   1.00
   1.00
   1.00
   1.00
   1.00
   1.00
   1.00
   1.00
   1.00
   1.00
   1.00
   1.00
   1.00
   1.00
   1.00
   1.00
   1.00
   1.00
   1.00
   1.00
   1.00
   1.00
   1.00
   1.00
   1.00
   1.00
   1.00
   1.00
   1.00
   1.00
   1.00
   1.00
   1.00
   1.00
   1.00
   1.00
   1.00
   1.00
   1.00
   1.00
   1.00
   1.00
   1.00
   1.00
   1.00
   1.00
   1.00
   1.00
   1.00
   1.00
   1.00
   1.00
   1.00
   1.00
   1.00
   1.00
   1.00
   1.00
   1.00
   1.00
   1.00
   1.00
   1.00
   1.00
   1.00
   1.00
   1.00
   1.00
   1.00
   1.00
   1.00
   1.00
   1.00
   1.00
   1.00
   1.00
   1.00
   1.00
   1.00
   1.00
   1.00
   1.00
